K: 141, 194, 134, 136, 13, 224, 204, 80, 125, 150, 88, 59, 124, 76, 43, 43, 37, 35, 158, 88, 248, 230, 117, 9, 179, 46, 219, 91, 191, 41, 60, 0
V: 0, 0, 0, 0, 0, 0, 0, 0, 0, 0, 0, 0, 0, 0, 0, 0, 0, 0, 0, 0, 0, 0, 0, 0, 0, 0, 0, 0, 0, 0, 0, 0
K: 141, 194, 134, 136, 13, 224, 204, 80, 125, 150, 88, 59, 124, 76, 43, 43, 37, 35, 158, 88, 248, 230, 117, 9, 179, 46, 219, 91, 191, 41, 60, 1
V: 0, 0, 0, 74, 72, 1, 20, 22, 149, 69, 8, 0, 0, 0, 0, 0, 0, 0, 0, 0, 0, 0, 0, 0, 0, 0, 0, 0, 0, 0, 0, 0
K: 141, 194, 134, 136, 13, 224, 204, 80, 125, 150, 88, 59, 124, 76, 43, 43, 37, 35, 158, 88, 248, 230, 117, 9, 179, 46, 219, 91, 191, 41, 60, 2
V: 0, 0, 0, 0, 0, 0, 0, 0, 0, 0, 0, 0, 0, 0, 0, 0, 0, 0, 0, 0, 0, 0, 0, 0, 0, 0, 0, 0, 0, 0, 0, 0
K: 141, 194, 134, 136, 13, 224, 204, 80, 125, 150, 88, 59, 124, 76, 43, 43, 37, 35, 158, 88, 248, 230, 117, 9, 179, 46, 219, 91, 191, 41, 60, 3
V: 197, 210, 70, 1, 134, 247, 35, 60, 146, 126, 125, 178, 220, 199, 3, 192, 229, 0, 182, 83, 202, 130, 39, 59, 123, 250, 216, 4, 93, 133, 164, 112
K: 141, 194, 134, 136, 13, 224, 204, 80, 125, 150, 88, 59, 124, 76, 43, 43, 37, 35, 158, 88, 248, 230, 117, 9, 179, 46, 219, 91, 191, 41, 60, 4
V: 0, 0, 0, 0, 0, 0, 0, 0, 0, 0, 0, 0, 0, 0, 0, 0, 0, 0, 0, 0, 0, 0, 0, 0, 0, 0, 0, 0, 0, 0, 0, 0
K: 80, 91, 197, 250, 186, 158, 22, 244, 39, 111, 133, 220, 198, 184, 196, 37, 196, 170, 83, 13, 248, 137, 214, 145, 207, 141, 22, 250, 127, 178, 242, 0
V: 0, 0, 0, 0, 0, 0, 0, 0, 0, 0, 0, 0, 0, 0, 0, 0, 0, 0, 0, 0, 0, 0, 0, 0, 0, 0, 0, 0, 0, 0, 0, 0
K: 80, 91, 197, 250, 186, 158, 22, 244, 39, 111, 133, 220, 198, 184, 196, 37, 196, 170, 83, 13, 248, 137, 214, 145, 207, 141, 22, 250, 127, 178, 242, 1
V: 0, 0, 0, 0, 0, 0, 0, 0, 0, 0, 0, 0, 0, 0, 0, 0, 0, 0, 0, 0, 0, 0, 0, 0, 0, 0, 0, 0, 0, 0, 0, 0
K: 80, 91, 197, 250, 186, 158, 22, 244, 39, 111, 133, 220, 198, 184, 196, 37, 196, 170, 83, 13, 248, 137, 214, 145, 207, 141, 22, 250, 127, 178, 242, 2
V: 0, 0, 0, 0, 0, 0, 0, 0, 0, 0, 0, 0, 0, 0, 0, 0, 0, 0, 0, 0, 0, 0, 0, 0, 0, 0, 0, 0, 0, 0, 0, 0
K: 80, 91, 197, 250, 186, 158, 22, 244, 39, 111, 133, 220, 198, 184, 196, 37, 196, 170, 83, 13, 248, 137, 214, 145, 207, 141, 22, 250, 127, 178, 242, 3
V: 32, 52, 247, 158, 14, 51, 176, 174, 107, 239, 148, 133, 50, 2, 27, 172, 235, 17, 106, 223, 38, 22, 71, 135, 3, 190, 198, 177, 115, 41, 241, 204
K: 80, 91, 197, 250, 186, 158, 22, 244, 39, 111, 133, 220, 198, 184, 196, 37, 196, 170, 83, 13, 248, 137, 214, 145, 207, 141, 22, 250, 127, 178, 242, 4
V: 0, 0, 0, 0, 0, 0, 0, 0, 0, 0, 0, 0, 0, 0, 0, 0, 0, 0, 0, 0, 0, 0, 0, 0, 0, 0, 0, 0, 0, 0, 0, 0
K: 80, 91, 197, 250, 186, 158, 22, 244, 39, 111, 133, 220, 198, 184, 196, 37, 196, 170, 83, 13, 248, 137, 214, 145, 207, 141, 22, 250, 127, 178, 242, 128
V: 0, 96, 128, 96, 64, 82, 96, 4, 54, 16, 97, 0, 63, 87, 96, 0, 53, 96, 224, 28, 128, 99, 1, 255, 201, 167, 20, 97, 0, 68, 87, 128
K: 80, 91, 197, 250, 186, 158, 22, 244, 39, 111, 133, 220, 198, 184, 196, 37, 196, 170, 83, 13, 248, 137, 214, 145, 207, 141, 22, 250, 127, 178, 242, 129
V: 0, 99, 34, 137, 81, 24, 20, 97, 0, 164, 87, 128, 99, 98, 31, 209, 48, 20, 97, 1, 186, 87, 128, 99, 197, 242, 137, 47, 20, 97, 2, 68
K: 80, 91, 197, 250, 186, 158, 22, 244, 39, 111, 133, 220, 198, 184, 196, 37, 196, 170, 83, 13, 248, 137, 214, 145, 207, 141, 22, 250, 127, 178, 242, 130
V: 0, 87, 91, 96, 0, 128, 253, 91, 52, 128, 21, 97, 0, 80, 87, 96, 0, 128, 253, 91, 80, 97, 0, 144, 96, 4, 128, 54, 3, 96, 32, 129
K: 80, 91, 197, 250, 186, 158, 22, 244, 39, 111, 133, 220, 198, 184, 196, 37, 196, 170, 83, 13, 248, 137, 214, 145, 207, 141, 22, 250, 127, 178, 242, 131
V: 0, 16, 21, 97, 0, 103, 87, 96, 0, 128, 253, 91, 80, 53, 127, 255, 255, 255, 255, 0, 0, 0, 0, 0, 0, 0, 0, 0, 0, 0, 0, 0
K: 80, 91, 197, 250, 186, 158, 22, 244, 39, 111, 133, 220, 198, 184, 196, 37, 196, 170, 83, 13, 248, 137, 214, 145, 207, 141, 22, 250, 127, 178, 242, 132
V: 15, 0, 0, 0, 0, 0, 0, 0, 0, 0, 0, 0, 0, 0, 0, 0, 22, 97, 2, 107, 86, 91, 96, 64, 128, 81, 145, 21, 21, 130, 82, 81
K: 80, 91, 197, 250, 186, 158, 22, 244, 39, 111, 133, 220, 198, 184, 196, 37, 196, 170, 83, 13, 248, 137, 214, 145, 207, 141, 22, 250, 127, 178, 242, 133
V: 0, 144, 129, 144, 3, 96, 32, 1, 144, 243, 91, 97, 1, 184, 96, 4, 128, 54, 3, 96, 128, 129, 16, 21, 97, 0, 186, 87, 96, 0, 128, 253
K: 80, 91, 197, 250, 186, 158, 22, 244, 39, 111, 133, 220, 198, 184, 196, 37, 196, 170, 83, 13, 248, 137, 214, 145, 207, 141, 22, 250, 127, 178, 242, 134
V: 0, 91, 129, 1, 144, 96, 32, 129, 1, 129, 53, 100, 1, 0, 0, 0, 0, 129, 17, 21, 97, 0, 213, 87, 96, 0, 128, 253, 91, 130, 1, 131
K: 80, 91, 197, 250, 186, 158, 22, 244, 39, 111, 133, 220, 198, 184, 196, 37, 196, 170, 83, 13, 248, 137, 214, 145, 207, 141, 22, 250, 127, 178, 242, 135
V: 0, 96, 32, 130, 1, 17, 21, 97, 0, 231, 87, 96, 0, 128, 253, 91, 128, 53, 144, 96, 32, 1, 145, 132, 96, 1, 131, 2, 132, 1, 17, 100
K: 80, 91, 197, 250, 186, 158, 22, 244, 39, 111, 133, 220, 198, 184, 196, 37, 196, 170, 83, 13, 248, 137, 214, 145, 207, 141, 22, 250, 127, 178, 242, 136
V: 5, 1, 0, 0, 0, 0, 131, 17, 23, 21, 97, 1, 9, 87, 96, 0, 128, 253, 91, 145, 147, 144, 146, 144, 145, 96, 32, 129, 1, 144, 53, 100
K: 80, 91, 197, 250, 186, 158, 22, 244, 39, 111, 133, 220, 198, 184, 196, 37, 196, 170, 83, 13, 248, 137, 214, 145, 207, 141, 22, 250, 127, 178, 242, 137
V: 5, 1, 0, 0, 0, 0, 129, 17, 21, 97, 1, 39, 87, 96, 0, 128, 253, 91, 130, 1, 131, 96, 32, 130, 1, 17, 21, 97, 1, 57, 87, 96
K: 80, 91, 197, 250, 186, 158, 22, 244, 39, 111, 133, 220, 198, 184, 196, 37, 196, 170, 83, 13, 248, 137, 214, 145, 207, 141, 22, 250, 127, 178, 242, 138
V: 1, 0, 128, 253, 91, 128, 53, 144, 96, 32, 1, 145, 132, 96, 1, 131, 2, 132, 1, 17, 100, 1, 0, 0, 0, 0, 131, 17, 23, 21, 97, 1
K: 80, 91, 197, 250, 186, 158, 22, 244, 39, 111, 133, 220, 198, 184, 196, 37, 196, 170, 83, 13, 248, 137, 214, 145, 207, 141, 22, 250, 127, 178, 242, 139
V: 1, 91, 87, 96, 0, 128, 253, 91, 145, 147, 144, 146, 144, 145, 96, 32, 129, 1, 144, 53, 100, 1, 0, 0, 0, 0, 129, 17, 21, 97, 1, 121
K: 80, 91, 197, 250, 186, 158, 22, 244, 39, 111, 133, 220, 198, 184, 196, 37, 196, 170, 83, 13, 248, 137, 214, 145, 207, 141, 22, 250, 127, 178, 242, 140
V: 0, 87, 96, 0, 128, 253, 91, 130, 1, 131, 96, 32, 130, 1, 17, 21, 97, 1, 139, 87, 96, 0, 128, 253, 91, 128, 53, 144, 96, 32, 1, 145
K: 80, 91, 197, 250, 186, 158, 22, 244, 39, 111, 133, 220, 198, 184, 196, 37, 196, 170, 83, 13, 248, 137, 214, 145, 207, 141, 22, 250, 127, 178, 242, 141
V: 0, 132, 96, 1, 131, 2, 132, 1, 17, 100, 1, 0, 0, 0, 0, 131, 17, 23, 21, 97, 1, 173, 87, 96, 0, 128, 253, 91, 145, 147, 80, 145
K: 80, 91, 197, 250, 186, 158, 22, 244, 39, 111, 133, 220, 198, 184, 196, 37, 196, 170, 83, 13, 248, 137, 214, 145, 207, 141, 22, 250, 127, 178, 242, 142
V: 0, 80, 53, 97, 3, 4, 86, 91, 0, 91, 52, 128, 21, 97, 1, 198, 87, 96, 0, 128, 253, 91, 80, 97, 1, 207, 97, 16, 181, 86, 91, 96
K: 80, 91, 197, 250, 186, 158, 22, 244, 39, 111, 133, 220, 198, 184, 196, 37, 196, 170, 83, 13, 248, 137, 214, 145, 207, 141, 22, 250, 127, 178, 242, 143
V: 1, 64, 128, 81, 96, 32, 128, 130, 82, 131, 81, 129, 131, 1, 82, 131, 81, 145, 146, 131, 146, 144, 131, 1, 145, 133, 1, 144, 128, 131, 131, 96
K: 80, 91, 197, 250, 186, 158, 22, 244, 39, 111, 133, 220, 198, 184, 196, 37, 196, 170, 83, 13, 248, 137, 214, 145, 207, 141, 22, 250, 127, 178, 242, 144
V: 1, 0, 91, 131, 129, 16, 21, 97, 2, 9, 87, 129, 129, 1, 81, 131, 130, 1, 82, 96, 32, 1, 97, 1, 241, 86, 91, 80, 80, 80, 80, 144
K: 80, 91, 197, 250, 186, 158, 22, 244, 39, 111, 133, 220, 198, 184, 196, 37, 196, 170, 83, 13, 248, 137, 214, 145, 207, 141, 22, 250, 127, 178, 242, 145
V: 0, 80, 144, 129, 1, 144, 96, 31, 22, 128, 21, 97, 2, 54, 87, 128, 130, 3, 128, 81, 96, 1, 131, 96, 32, 3, 97, 1, 0, 10, 3, 25
K: 80, 91, 197, 250, 186, 158, 22, 244, 39, 111, 133, 220, 198, 184, 196, 37, 196, 170, 83, 13, 248, 137, 214, 145, 207, 141, 22, 250, 127, 178, 242, 146
V: 0, 22, 129, 82, 96, 32, 1, 145, 80, 91, 80, 146, 80, 80, 80, 96, 64, 81, 128, 145, 3, 144, 243, 91, 52, 128, 21, 97, 2, 80, 87, 96
K: 80, 91, 197, 250, 186, 158, 22, 244, 39, 111, 133, 220, 198, 184, 196, 37, 196, 170, 83, 13, 248, 137, 214, 145, 207, 141, 22, 250, 127, 178, 242, 147
V: 1, 0, 128, 253, 91, 80, 97, 2, 89, 97, 16, 199, 86, 91, 96, 64, 128, 81, 145, 130, 82, 81, 144, 129, 144, 3, 96, 32, 1, 144, 243, 91
K: 80, 91, 197, 250, 186, 158, 22, 244, 39, 111, 133, 220, 198, 184, 196, 37, 196, 170, 83, 13, 248, 137, 214, 145, 207, 141, 22, 250, 127, 178, 242, 148
V: 0, 96, 0, 127, 255, 255, 255, 255, 0, 0, 0, 0, 0, 0, 0, 0, 0, 0, 0, 0, 0, 0, 0, 0, 0, 0, 0, 0, 0, 0, 0, 0
K: 80, 91, 197, 250, 186, 158, 22, 244, 39, 111, 133, 220, 198, 184, 196, 37, 196, 170, 83, 13, 248, 137, 214, 145, 207, 141, 22, 250, 127, 178, 242, 149
V: 4, 0, 0, 0, 0, 130, 22, 127, 1, 255, 201, 167, 0, 0, 0, 0, 0, 0, 0, 0, 0, 0, 0, 0, 0, 0, 0, 0, 0, 0, 0, 0
K: 80, 91, 197, 250, 186, 158, 22, 244, 39, 111, 133, 220, 198, 184, 196, 37, 196, 170, 83, 13, 248, 137, 214, 145, 207, 141, 22, 250, 127, 178, 242, 150
V: 8, 0, 0, 0, 0, 0, 0, 0, 0, 20, 128, 97, 2, 254, 87, 80, 127, 255, 255, 255, 255, 0, 0, 0, 0, 0, 0, 0, 0, 0, 0, 0
K: 80, 91, 197, 250, 186, 158, 22, 244, 39, 111, 133, 220, 198, 184, 196, 37, 196, 170, 83, 13, 248, 137, 214, 145, 207, 141, 22, 250, 127, 178, 242, 151
V: 17, 0, 0, 0, 0, 0, 0, 0, 0, 0, 0, 0, 0, 0, 0, 0, 0, 0, 130, 22, 127, 133, 100, 9, 7, 0, 0, 0, 0, 0, 0, 0
K: 80, 91, 197, 250, 186, 158, 22, 244, 39, 111, 133, 220, 198, 184, 196, 37, 196, 170, 83, 13, 248, 137, 214, 145, 207, 141, 22, 250, 127, 178, 242, 152
V: 21, 0, 0, 0, 0, 0, 0, 0, 0, 0, 0, 0, 0, 0, 0, 0, 0, 0, 0, 0, 0, 0, 20, 91, 146, 145, 80, 80, 86, 91, 96, 48
K: 80, 91, 197, 250, 186, 158, 22, 244, 39, 111, 133, 220, 198, 184, 196, 37, 196, 170, 83, 13, 248, 137, 214, 145, 207, 141, 22, 250, 127, 178, 242, 153
V: 0, 134, 20, 97, 3, 93, 87, 96, 64, 81, 127, 8, 195, 121, 160, 0, 0, 0, 0, 0, 0, 0, 0, 0, 0, 0, 0, 0, 0, 0, 0, 0
K: 80, 91, 197, 250, 186, 158, 22, 244, 39, 111, 133, 220, 198, 184, 196, 37, 196, 170, 83, 13, 248, 137, 214, 145, 207, 141, 22, 250, 127, 178, 242, 154
V: 11, 0, 0, 0, 0, 0, 0, 0, 0, 0, 0, 0, 129, 82, 96, 4, 1, 128, 128, 96, 32, 1, 130, 129, 3, 130, 82, 96, 38, 129, 82, 96
K: 80, 91, 197, 250, 186, 158, 22, 244, 39, 111, 133, 220, 198, 184, 196, 37, 196, 170, 83, 13, 248, 137, 214, 145, 207, 141, 22, 250, 127, 178, 242, 155
V: 1, 32, 1, 128, 97, 24, 5, 96, 38, 145, 57, 96, 64, 1, 145, 80, 80, 96, 64, 81, 128, 145, 3, 144, 253, 91, 96, 32, 132, 20, 97, 3
K: 80, 91, 197, 250, 186, 158, 22, 244, 39, 111, 133, 220, 198, 184, 196, 37, 196, 170, 83, 13, 248, 137, 214, 145, 207, 141, 22, 250, 127, 178, 242, 156
V: 1, 182, 87, 96, 64, 81, 127, 8, 195, 121, 160, 0, 0, 0, 0, 0, 0, 0, 0, 0, 0, 0, 0, 0, 0, 0, 0, 0, 0, 0, 0, 0
K: 80, 91, 197, 250, 186, 158, 22, 244, 39, 111, 133, 220, 198, 184, 196, 37, 196, 170, 83, 13, 248, 137, 214, 145, 207, 141, 22, 250, 127, 178, 242, 157
V: 7, 0, 0, 0, 0, 0, 0, 0, 129, 82, 96, 4, 1, 128, 128, 96, 32, 1, 130, 129, 3, 130, 82, 96, 54, 129, 82, 96, 32, 1, 128, 97
K: 80, 91, 197, 250, 186, 158, 22, 244, 39, 111, 133, 220, 198, 184, 196, 37, 196, 170, 83, 13, 248, 137, 214, 145, 207, 141, 22, 250, 127, 178, 242, 158
V: 2, 23, 156, 96, 54, 145, 57, 96, 64, 1, 145, 80, 80, 96, 64, 81, 128, 145, 3, 144, 253, 91, 96, 96, 130, 20, 97, 4, 15, 87, 96, 64
K: 80, 91, 197, 250, 186, 158, 22, 244, 39, 111, 133, 220, 198, 184, 196, 37, 196, 170, 83, 13, 248, 137, 214, 145, 207, 141, 22, 250, 127, 178, 242, 159
V: 0, 81, 127, 8, 195, 121, 160, 0, 0, 0, 0, 0, 0, 0, 0, 0, 0, 0, 0, 0, 0, 0, 0, 0, 0, 0, 0, 0, 0, 0, 0, 0
K: 80, 91, 197, 250, 186, 158, 22, 244, 39, 111, 133, 220, 198, 184, 196, 37, 196, 170, 83, 13, 248, 137, 214, 145, 207, 141, 22, 250, 127, 178, 242, 160
V: 3, 0, 0, 0, 129, 82, 96, 4, 1, 128, 128, 96, 32, 1, 130, 129, 3, 130, 82, 96, 41, 129, 82, 96, 32, 1, 128, 97, 24, 120, 96, 41
K: 80, 91, 197, 250, 186, 158, 22, 244, 39, 111, 133, 220, 198, 184, 196, 37, 196, 170, 83, 13, 248, 137, 214, 145, 207, 141, 22, 250, 127, 178, 242, 161
V: 0, 145, 57, 96, 64, 1, 145, 80, 80, 96, 64, 81, 128, 145, 3, 144, 253, 91, 103, 13, 224, 182, 179, 167, 100, 0, 0, 52, 16, 21, 97, 4
K: 80, 91, 197, 250, 186, 158, 22, 244, 39, 111, 133, 220, 198, 184, 196, 37, 196, 170, 83, 13, 248, 137, 214, 145, 207, 141, 22, 250, 127, 178, 242, 162
V: 1, 112, 87, 96, 64, 81, 127, 8, 195, 121, 160, 0, 0, 0, 0, 0, 0, 0, 0, 0, 0, 0, 0, 0, 0, 0, 0, 0, 0, 0, 0, 0
K: 80, 91, 197, 250, 186, 158, 22, 244, 39, 111, 133, 220, 198, 184, 196, 37, 196, 170, 83, 13, 248, 137, 214, 145, 207, 141, 22, 250, 127, 178, 242, 163
V: 7, 0, 0, 0, 0, 0, 0, 0, 129, 82, 96, 4, 1, 128, 128, 96, 32, 1, 130, 129, 3, 130, 82, 96, 38, 129, 82, 96, 32, 1, 128, 97
K: 80, 91, 197, 250, 186, 158, 22, 244, 39, 111, 133, 220, 198, 184, 196, 37, 196, 170, 83, 13, 248, 137, 214, 145, 207, 141, 22, 250, 127, 178, 242, 164
V: 2, 24, 82, 96, 38, 145, 57, 96, 64, 1, 145, 80, 80, 96, 64, 81, 128, 145, 3, 144, 253, 91, 99, 59, 154, 202, 0, 52, 6, 21, 97, 4
K: 80, 91, 197, 250, 186, 158, 22, 244, 39, 111, 133, 220, 198, 184, 196, 37, 196, 170, 83, 13, 248, 137, 214, 145, 207, 141, 22, 250, 127, 178, 242, 165
V: 1, 205, 87, 96, 64, 81, 127, 8, 195, 121, 160, 0, 0, 0, 0, 0, 0, 0, 0, 0, 0, 0, 0, 0, 0, 0, 0, 0, 0, 0, 0, 0
K: 80, 91, 197, 250, 186, 158, 22, 244, 39, 111, 133, 220, 198, 184, 196, 37, 196, 170, 83, 13, 248, 137, 214, 145, 207, 141, 22, 250, 127, 178, 242, 166
V: 7, 0, 0, 0, 0, 0, 0, 0, 129, 82, 96, 4, 1, 128, 128, 96, 32, 1, 130, 129, 3, 130, 82, 96, 51, 129, 82, 96, 32, 1, 128, 97
K: 80, 91, 197, 250, 186, 158, 22, 244, 39, 111, 133, 220, 198, 184, 196, 37, 196, 170, 83, 13, 248, 137, 214, 145, 207, 141, 22, 250, 127, 178, 242, 167
V: 2, 23, 210, 96, 51, 145, 57, 96, 64, 1, 145, 80, 80, 96, 64, 81, 128, 145, 3, 144, 253, 91, 99, 59, 154, 202, 0, 52, 4, 103, 255, 255
K: 80, 91, 197, 250, 186, 158, 22, 244, 39, 111, 133, 220, 198, 184, 196, 37, 196, 170, 83, 13, 248, 137, 214, 145, 207, 141, 22, 250, 127, 178, 242, 168
V: 6, 255, 255, 255, 255, 255, 255, 129, 17, 21, 97, 5, 53, 87, 96, 64, 81, 127, 8, 195, 121, 160, 0, 0, 0, 0, 0, 0, 0, 0, 0, 0
K: 80, 91, 197, 250, 186, 158, 22, 244, 39, 111, 133, 220, 198, 184, 196, 37, 196, 170, 83, 13, 248, 137, 214, 145, 207, 141, 22, 250, 127, 178, 242, 169
V: 18, 0, 0, 0, 0, 0, 0, 0, 0, 0, 0, 0, 0, 0, 0, 0, 0, 0, 0, 129, 82, 96, 4, 1, 128, 128, 96, 32, 1, 130, 129, 3
K: 80, 91, 197, 250, 186, 158, 22, 244, 39, 111, 133, 220, 198, 184, 196, 37, 196, 170, 83, 13, 248, 137, 214, 145, 207, 141, 22, 250, 127, 178, 242, 170
V: 0, 130, 82, 96, 39, 129, 82, 96, 32, 1, 128, 97, 24, 43, 96, 39, 145, 57, 96, 64, 1, 145, 80, 80, 96, 64, 81, 128, 145, 3, 144, 253
K: 80, 91, 197, 250, 186, 158, 22, 244, 39, 111, 133, 220, 198, 184, 196, 37, 196, 170, 83, 13, 248, 137, 214, 145, 207, 141, 22, 250, 127, 178, 242, 171
V: 0, 91, 96, 96, 97, 5, 64, 130, 97, 20, 186, 86, 91, 144, 80, 127, 100, 155, 188, 98, 208, 227, 19, 66, 175, 234, 78, 92, 216, 45, 64, 73
K: 80, 91, 197, 250, 186, 158, 22, 244, 39, 111, 133, 220, 198, 184, 196, 37, 196, 170, 83, 13, 248, 137, 214, 145, 207, 141, 22, 250, 127, 178, 242, 172
V: 16, 231, 225, 238, 145, 47, 192, 136, 154, 167, 144, 128, 59, 227, 144, 56, 197, 137, 137, 137, 137, 133, 138, 138, 97, 5, 117, 96, 32, 84, 97, 20
K: 80, 91, 197, 250, 186, 158, 22, 244, 39, 111, 133, 220, 198, 184, 196, 37, 196, 170, 83, 13, 248, 137, 214, 145, 207, 141, 22, 250, 127, 178, 242, 173
V: 1, 186, 86, 91, 96, 64, 128, 81, 96, 160, 128, 130, 82, 129, 1, 137, 144, 82, 144, 129, 144, 96, 32, 130, 1, 144, 130, 1, 96, 96, 131, 1
K: 80, 91, 197, 250, 186, 158, 22, 244, 39, 111, 133, 220, 198, 184, 196, 37, 196, 170, 83, 13, 248, 137, 214, 145, 207, 141, 22, 250, 127, 178, 242, 174
V: 0, 96, 128, 132, 1, 96, 192, 133, 1, 142, 142, 128, 130, 132, 55, 96, 0, 131, 130, 1, 82, 96, 31, 1, 127, 255, 255, 255, 255, 255, 255, 255
K: 80, 91, 197, 250, 186, 158, 22, 244, 39, 111, 133, 220, 198, 184, 196, 37, 196, 170, 83, 13, 248, 137, 214, 145, 207, 141, 22, 250, 127, 178, 242, 175
V: 25, 255, 255, 255, 255, 255, 255, 255, 255, 255, 255, 255, 255, 255, 255, 255, 255, 255, 255, 255, 255, 255, 255, 255, 255, 224, 22, 144, 145, 1, 135, 129
K: 80, 91, 197, 250, 186, 158, 22, 244, 39, 111, 133, 220, 198, 184, 196, 37, 196, 170, 83, 13, 248, 137, 214, 145, 207, 141, 22, 250, 127, 178, 242, 176
V: 0, 3, 134, 82, 140, 129, 82, 96, 32, 1, 144, 80, 140, 140, 128, 130, 132, 55, 96, 0, 131, 130, 1, 129, 144, 82, 96, 31, 144, 145, 1, 127
K: 80, 91, 197, 250, 186, 158, 22, 244, 39, 111, 133, 220, 198, 184, 196, 37, 196, 170, 83, 13, 248, 137, 214, 145, 207, 141, 22, 250, 127, 178, 242, 177
V: 31, 255, 255, 255, 255, 255, 255, 255, 255, 255, 255, 255, 255, 255, 255, 255, 255, 255, 255, 255, 255, 255, 255, 255, 255, 255, 255, 255, 255, 255, 255, 255
K: 80, 91, 197, 250, 186, 158, 22, 244, 39, 111, 133, 220, 198, 184, 196, 37, 196, 170, 83, 13, 248, 137, 214, 145, 207, 141, 22, 250, 127, 178, 242, 178
V: 1, 224, 22, 144, 146, 1, 136, 129, 3, 134, 82, 140, 81, 129, 82, 140, 81, 96, 32, 145, 130, 1, 147, 145, 142, 1, 146, 80, 144, 129, 144, 132
K: 80, 91, 197, 250, 186, 158, 22, 244, 39, 111, 133, 220, 198, 184, 196, 37, 196, 170, 83, 13, 248, 137, 214, 145, 207, 141, 22, 250, 127, 178, 242, 179
V: 0, 144, 132, 144, 91, 131, 129, 16, 21, 97, 6, 72, 87, 129, 129, 1, 81, 131, 130, 1, 82, 96, 32, 1, 97, 6, 48, 86, 91, 80, 80, 80
K: 80, 91, 197, 250, 186, 158, 22, 244, 39, 111, 133, 220, 198, 184, 196, 37, 196, 170, 83, 13, 248, 137, 214, 145, 207, 141, 22, 250, 127, 178, 242, 180
V: 0, 80, 144, 80, 144, 129, 1, 144, 96, 31, 22, 128, 21, 97, 6, 117, 87, 128, 130, 3, 128, 81, 96, 1, 131, 96, 32, 3, 97, 1, 0, 10
K: 80, 91, 197, 250, 186, 158, 22, 244, 39, 111, 133, 220, 198, 184, 196, 37, 196, 170, 83, 13, 248, 137, 214, 145, 207, 141, 22, 250, 127, 178, 242, 181
V: 0, 3, 25, 22, 129, 82, 96, 32, 1, 145, 80, 91, 80, 134, 129, 3, 131, 82, 136, 129, 82, 96, 32, 1, 137, 137, 128, 130, 132, 55, 96, 0
K: 80, 91, 197, 250, 186, 158, 22, 244, 39, 111, 133, 220, 198, 184, 196, 37, 196, 170, 83, 13, 248, 137, 214, 145, 207, 141, 22, 250, 127, 178, 242, 182
V: 0, 131, 130, 1, 129, 144, 82, 96, 31, 144, 145, 1, 127, 255, 255, 255, 255, 255, 255, 255, 255, 255, 255, 255, 255, 255, 255, 255, 255, 255, 255, 255
K: 80, 91, 197, 250, 186, 158, 22, 244, 39, 111, 133, 220, 198, 184, 196, 37, 196, 170, 83, 13, 248, 137, 214, 145, 207, 141, 22, 250, 127, 178, 242, 183
V: 13, 255, 255, 255, 255, 255, 255, 255, 255, 255, 255, 255, 255, 224, 22, 144, 146, 1, 136, 129, 3, 132, 82, 137, 81, 129, 82, 137, 81, 96, 32, 145
K: 80, 91, 197, 250, 186, 158, 22, 244, 39, 111, 133, 220, 198, 184, 196, 37, 196, 170, 83, 13, 248, 137, 214, 145, 207, 141, 22, 250, 127, 178, 242, 184
V: 0, 130, 1, 147, 145, 139, 1, 146, 80, 144, 129, 144, 132, 144, 132, 144, 91, 131, 129, 16, 21, 97, 6, 239, 87, 129, 129, 1, 81, 131, 130, 1
K: 80, 91, 197, 250, 186, 158, 22, 244, 39, 111, 133, 220, 198, 184, 196, 37, 196, 170, 83, 13, 248, 137, 214, 145, 207, 141, 22, 250, 127, 178, 242, 185
V: 0, 82, 96, 32, 1, 97, 6, 215, 86, 91, 80, 80, 80, 80, 144, 80, 144, 129, 1, 144, 96, 31, 22, 128, 21, 97, 7, 28, 87, 128, 130, 3
K: 80, 91, 197, 250, 186, 158, 22, 244, 39, 111, 133, 220, 198, 184, 196, 37, 196, 170, 83, 13, 248, 137, 214, 145, 207, 141, 22, 250, 127, 178, 242, 186
V: 0, 128, 81, 96, 1, 131, 96, 32, 3, 97, 1, 0, 10, 3, 25, 22, 129, 82, 96, 32, 1, 145, 80, 91, 80, 157, 80, 80, 80, 80, 80, 80
K: 80, 91, 197, 250, 186, 158, 22, 244, 39, 111, 133, 220, 198, 184, 196, 37, 196, 170, 83, 13, 248, 137, 214, 145, 207, 141, 22, 250, 127, 178, 242, 187
V: 0, 80, 80, 80, 80, 80, 80, 80, 80, 96, 64, 81, 128, 145, 3, 144, 161, 96, 0, 96, 2, 138, 138, 96, 0, 96, 128, 27, 96, 64, 81, 96
K: 80, 91, 197, 250, 186, 158, 22, 244, 39, 111, 133, 220, 198, 184, 196, 37, 196, 170, 83, 13, 248, 137, 214, 145, 207, 141, 22, 250, 127, 178, 242, 188
V: 1, 32, 1, 128, 132, 132, 128, 130, 132, 55, 127, 255, 255, 255, 255, 255, 255, 255, 255, 255, 255, 255, 255, 255, 255, 255, 255, 0, 0, 0, 0, 0
K: 80, 91, 197, 250, 186, 158, 22, 244, 39, 111, 133, 220, 198, 184, 196, 37, 196, 170, 83, 13, 248, 137, 214, 145, 207, 141, 22, 250, 127, 178, 242, 189
V: 11, 0, 0, 0, 0, 0, 0, 0, 0, 0, 0, 0, 144, 148, 22, 145, 144, 147, 1, 144, 129, 82, 96, 64, 128, 81, 127, 255, 255, 255, 255, 255
K: 80, 91, 197, 250, 186, 158, 22, 244, 39, 111, 133, 220, 198, 184, 196, 37, 196, 170, 83, 13, 248, 137, 214, 145, 207, 141, 22, 250, 127, 178, 242, 190
V: 27, 255, 255, 255, 255, 255, 255, 255, 255, 255, 255, 255, 255, 255, 255, 255, 255, 255, 255, 255, 255, 255, 255, 255, 255, 255, 255, 240, 129, 132, 3, 1
K: 80, 91, 197, 250, 186, 158, 22, 244, 39, 111, 133, 220, 198, 184, 196, 37, 196, 170, 83, 13, 248, 137, 214, 145, 207, 141, 22, 250, 127, 178, 242, 191
V: 0, 129, 82, 96, 16, 144, 146, 1, 144, 129, 144, 82, 129, 81, 145, 149, 80, 147, 80, 131, 146, 80, 96, 32, 133, 1, 145, 80, 128, 131, 131, 91
K: 80, 91, 197, 250, 186, 158, 22, 244, 39, 111, 133, 220, 198, 184, 196, 37, 196, 170, 83, 13, 248, 137, 214, 145, 207, 141, 22, 250, 127, 178, 242, 192
V: 0, 96, 32, 131, 16, 97, 7, 252, 87, 128, 81, 130, 82, 127, 255, 255, 255, 255, 255, 255, 255, 255, 255, 255, 255, 255, 255, 255, 255, 255, 255, 255
K: 80, 91, 197, 250, 186, 158, 22, 244, 39, 111, 133, 220, 198, 184, 196, 37, 196, 170, 83, 13, 248, 137, 214, 145, 207, 141, 22, 250, 127, 178, 242, 193
V: 14, 255, 255, 255, 255, 255, 255, 255, 255, 255, 255, 255, 255, 255, 224, 144, 146, 1, 145, 96, 32, 145, 130, 1, 145, 1, 97, 7, 191, 86, 91, 81
K: 80, 91, 197, 250, 186, 158, 22, 244, 39, 111, 133, 220, 198, 184, 196, 37, 196, 170, 83, 13, 248, 137, 214, 145, 207, 141, 22, 250, 127, 178, 242, 194
V: 0, 129, 81, 96, 32, 147, 132, 3, 97, 1, 0, 10, 127, 255, 255, 255, 255, 255, 255, 255, 255, 255, 255, 255, 255, 255, 255, 255, 255, 255, 255, 255
K: 80, 91, 197, 250, 186, 158, 22, 244, 39, 111, 133, 220, 198, 184, 196, 37, 196, 170, 83, 13, 248, 137, 214, 145, 207, 141, 22, 250, 127, 178, 242, 195
V: 13, 255, 255, 255, 255, 255, 255, 255, 255, 255, 255, 255, 255, 255, 1, 128, 25, 144, 146, 22, 145, 22, 23, 144, 82, 96, 64, 81, 145, 144, 147, 1
K: 80, 91, 197, 250, 186, 158, 22, 244, 39, 111, 133, 220, 198, 184, 196, 37, 196, 170, 83, 13, 248, 137, 214, 145, 207, 141, 22, 250, 127, 178, 242, 196
V: 0, 148, 80, 145, 146, 80, 80, 128, 131, 3, 129, 133, 90, 250, 21, 128, 21, 97, 8, 89, 87, 61, 96, 0, 128, 62, 61, 96, 0, 253, 91, 80
K: 80, 91, 197, 250, 186, 158, 22, 244, 39, 111, 133, 220, 198, 184, 196, 37, 196, 170, 83, 13, 248, 137, 214, 145, 207, 141, 22, 250, 127, 178, 242, 197
V: 0, 80, 80, 96, 64, 81, 61, 96, 32, 129, 16, 21, 97, 8, 110, 87, 96, 0, 128, 253, 91, 80, 81, 144, 80, 96, 0, 96, 2, 128, 97, 8
K: 80, 91, 197, 250, 186, 158, 22, 244, 39, 111, 133, 220, 198, 184, 196, 37, 196, 170, 83, 13, 248, 137, 214, 145, 207, 141, 22, 250, 127, 178, 242, 198
V: 1, 132, 96, 64, 132, 138, 140, 97, 22, 254, 86, 91, 96, 64, 81, 96, 32, 1, 128, 131, 131, 128, 130, 132, 55, 128, 131, 1, 146, 80, 80, 80
K: 80, 91, 197, 250, 186, 158, 22, 244, 39, 111, 133, 220, 198, 184, 196, 37, 196, 170, 83, 13, 248, 137, 214, 145, 207, 141, 22, 250, 127, 178, 242, 199
V: 0, 146, 80, 80, 80, 96, 64, 81, 96, 32, 129, 131, 3, 3, 129, 82, 144, 96, 64, 82, 96, 64, 81, 128, 130, 128, 81, 144, 96, 32, 1, 144
K: 80, 91, 197, 250, 186, 158, 22, 244, 39, 111, 133, 220, 198, 184, 196, 37, 196, 170, 83, 13, 248, 137, 214, 145, 207, 141, 22, 250, 127, 178, 242, 200
V: 0, 128, 131, 131, 91, 96, 32, 131, 16, 97, 8, 248, 87, 128, 81, 130, 82, 127, 255, 255, 255, 255, 255, 255, 255, 255, 255, 255, 255, 255, 255, 255
K: 80, 91, 197, 250, 186, 158, 22, 244, 39, 111, 133, 220, 198, 184, 196, 37, 196, 170, 83, 13, 248, 137, 214, 145, 207, 141, 22, 250, 127, 178, 242, 201
V: 18, 255, 255, 255, 255, 255, 255, 255, 255, 255, 255, 255, 255, 255, 255, 255, 255, 255, 224, 144, 146, 1, 145, 96, 32, 145, 130, 1, 145, 1, 97, 8
K: 80, 91, 197, 250, 186, 158, 22, 244, 39, 111, 133, 220, 198, 184, 196, 37, 196, 170, 83, 13, 248, 137, 214, 145, 207, 141, 22, 250, 127, 178, 242, 202
V: 1, 187, 86, 91, 81, 129, 81, 96, 32, 147, 132, 3, 97, 1, 0, 10, 127, 255, 255, 255, 255, 255, 255, 255, 255, 255, 255, 255, 255, 255, 255, 255
K: 80, 91, 197, 250, 186, 158, 22, 244, 39, 111, 133, 220, 198, 184, 196, 37, 196, 170, 83, 13, 248, 137, 214, 145, 207, 141, 22, 250, 127, 178, 242, 203
V: 17, 255, 255, 255, 255, 255, 255, 255, 255, 255, 255, 255, 255, 255, 255, 255, 255, 255, 1, 128, 25, 144, 146, 22, 145, 22, 23, 144, 82, 96, 64, 81
K: 80, 91, 197, 250, 186, 158, 22, 244, 39, 111, 133, 220, 198, 184, 196, 37, 196, 170, 83, 13, 248, 137, 214, 145, 207, 141, 22, 250, 127, 178, 242, 204
V: 0, 145, 144, 147, 1, 148, 80, 145, 146, 80, 80, 128, 131, 3, 129, 133, 90, 250, 21, 128, 21, 97, 9, 85, 87, 61, 96, 0, 128, 62, 61, 96
K: 80, 91, 197, 250, 186, 158, 22, 244, 39, 111, 133, 220, 198, 184, 196, 37, 196, 170, 83, 13, 248, 137, 214, 145, 207, 141, 22, 250, 127, 178, 242, 205
V: 1, 0, 253, 91, 80, 80, 80, 96, 64, 81, 61, 96, 32, 129, 16, 21, 97, 9, 106, 87, 96, 0, 128, 253, 91, 80, 81, 96, 2, 97, 9, 123
K: 80, 91, 197, 250, 186, 158, 22, 244, 39, 111, 133, 220, 198, 184, 196, 37, 196, 170, 83, 13, 248, 137, 214, 145, 207, 141, 22, 250, 127, 178, 242, 206
V: 0, 137, 96, 64, 129, 141, 97, 22, 254, 86, 91, 96, 64, 81, 96, 0, 144, 96, 32, 1, 128, 132, 132, 128, 130, 132, 55, 145, 144, 145, 1, 146
K: 80, 91, 197, 250, 186, 158, 22, 244, 39, 111, 133, 220, 198, 184, 196, 37, 196, 170, 83, 13, 248, 137, 214, 145, 207, 141, 22, 250, 127, 178, 242, 207
V: 0, 131, 82, 80, 80, 96, 64, 128, 81, 128, 131, 3, 129, 82, 96, 32, 146, 131, 1, 145, 130, 144, 82, 128, 81, 144, 148, 80, 144, 146, 80, 130
K: 80, 91, 197, 250, 186, 158, 22, 244, 39, 111, 133, 220, 198, 184, 196, 37, 196, 170, 83, 13, 248, 137, 214, 145, 207, 141, 22, 250, 127, 178, 242, 208
V: 0, 145, 132, 1, 144, 128, 131, 131, 91, 96, 32, 131, 16, 97, 9, 244, 87, 128, 81, 130, 82, 127, 255, 255, 255, 255, 255, 255, 255, 255, 255, 255
K: 80, 91, 197, 250, 186, 158, 22, 244, 39, 111, 133, 220, 198, 184, 196, 37, 196, 170, 83, 13, 248, 137, 214, 145, 207, 141, 22, 250, 127, 178, 242, 209
V: 22, 255, 255, 255, 255, 255, 255, 255, 255, 255, 255, 255, 255, 255, 255, 255, 255, 255, 255, 255, 255, 255, 224, 144, 146, 1, 145, 96, 32, 145, 130, 1
K: 80, 91, 197, 250, 186, 158, 22, 244, 39, 111, 133, 220, 198, 184, 196, 37, 196, 170, 83, 13, 248, 137, 214, 145, 207, 141, 22, 250, 127, 178, 242, 210
V: 0, 145, 1, 97, 9, 183, 86, 91, 81, 129, 81, 96, 32, 147, 132, 3, 97, 1, 0, 10, 127, 255, 255, 255, 255, 255, 255, 255, 255, 255, 255, 255
K: 80, 91, 197, 250, 186, 158, 22, 244, 39, 111, 133, 220, 198, 184, 196, 37, 196, 170, 83, 13, 248, 137, 214, 145, 207, 141, 22, 250, 127, 178, 242, 211
V: 21, 255, 255, 255, 255, 255, 255, 255, 255, 255, 255, 255, 255, 255, 255, 255, 255, 255, 255, 255, 255, 255, 1, 128, 25, 144, 146, 22, 145, 22, 23, 144
K: 80, 91, 197, 250, 186, 158, 22, 244, 39, 111, 133, 220, 198, 184, 196, 37, 196, 170, 83, 13, 248, 137, 214, 145, 207, 141, 22, 250, 127, 178, 242, 212
V: 0, 82, 96, 64, 81, 145, 144, 147, 1, 148, 80, 145, 146, 80, 80, 128, 131, 3, 129, 133, 90, 250, 21, 128, 21, 97, 10, 81, 87, 61, 96, 0
K: 80, 91, 197, 250, 186, 158, 22, 244, 39, 111, 133, 220, 198, 184, 196, 37, 196, 170, 83, 13, 248, 137, 214, 145, 207, 141, 22, 250, 127, 178, 242, 213
V: 0, 128, 62, 61, 96, 0, 253, 91, 80, 80, 80, 96, 64, 81, 61, 96, 32, 129, 16, 21, 97, 10, 102, 87, 96, 0, 128, 253, 91, 80, 81, 96
K: 80, 91, 197, 250, 186, 158, 22, 244, 39, 111, 133, 220, 198, 184, 196, 37, 196, 170, 83, 13, 248, 137, 214, 145, 207, 141, 22, 250, 127, 178, 242, 214
V: 1, 64, 128, 81, 96, 32, 129, 129, 1, 148, 144, 148, 82, 128, 130, 1, 146, 144, 146, 82, 128, 81, 128, 131, 3, 130, 1, 129, 82, 96, 96, 144
K: 80, 91, 197, 250, 186, 158, 22, 244, 39, 111, 133, 220, 198, 184, 196, 37, 196, 170, 83, 13, 248, 137, 214, 145, 207, 141, 22, 250, 127, 178, 242, 215
V: 0, 146, 1, 144, 129, 144, 82, 129, 81, 145, 146, 144, 145, 130, 145, 132, 1, 144, 128, 131, 131, 91, 96, 32, 131, 16, 97, 10, 218, 87, 128, 81
K: 80, 91, 197, 250, 186, 158, 22, 244, 39, 111, 133, 220, 198, 184, 196, 37, 196, 170, 83, 13, 248, 137, 214, 145, 207, 141, 22, 250, 127, 178, 242, 216
V: 0, 130, 82, 127, 255, 255, 255, 255, 255, 255, 255, 255, 255, 255, 255, 255, 255, 255, 255, 255, 255, 255, 255, 255, 255, 255, 255, 255, 255, 255, 255, 255
K: 80, 91, 197, 250, 186, 158, 22, 244, 39, 111, 133, 220, 198, 184, 196, 37, 196, 170, 83, 13, 248, 137, 214, 145, 207, 141, 22, 250, 127, 178, 242, 217
V: 4, 255, 255, 255, 224, 144, 146, 1, 145, 96, 32, 145, 130, 1, 145, 1, 97, 10, 157, 86, 91, 81, 129, 81, 96, 32, 147, 132, 3, 97, 1, 0
K: 80, 91, 197, 250, 186, 158, 22, 244, 39, 111, 133, 220, 198, 184, 196, 37, 196, 170, 83, 13, 248, 137, 214, 145, 207, 141, 22, 250, 127, 178, 242, 218
V: 0, 10, 127, 255, 255, 255, 255, 255, 255, 255, 255, 255, 255, 255, 255, 255, 255, 255, 255, 255, 255, 255, 255, 255, 255, 255, 255, 255, 255, 255, 255, 255
K: 80, 91, 197, 250, 186, 158, 22, 244, 39, 111, 133, 220, 198, 184, 196, 37, 196, 170, 83, 13, 248, 137, 214, 145, 207, 141, 22, 250, 127, 178, 242, 219
V: 3, 255, 255, 255, 1, 128, 25, 144, 146, 22, 145, 22, 23, 144, 82, 96, 64, 81, 145, 144, 147, 1, 148, 80, 145, 146, 80, 80, 128, 131, 3, 129
K: 80, 91, 197, 250, 186, 158, 22, 244, 39, 111, 133, 220, 198, 184, 196, 37, 196, 170, 83, 13, 248, 137, 214, 145, 207, 141, 22, 250, 127, 178, 242, 220
V: 0, 133, 90, 250, 21, 128, 21, 97, 11, 55, 87, 61, 96, 0, 128, 62, 61, 96, 0, 253, 91, 80, 80, 80, 96, 64, 81, 61, 96, 32, 129, 16
K: 80, 91, 197, 250, 186, 158, 22, 244, 39, 111, 133, 220, 198, 184, 196, 37, 196, 170, 83, 13, 248, 137, 214, 145, 207, 141, 22, 250, 127, 178, 242, 221
V: 0, 21, 97, 11, 76, 87, 96, 0, 128, 253, 91, 80, 81, 96, 64, 128, 81, 96, 32, 129, 1, 133, 129, 82, 146, 147, 80, 96, 0, 146, 96, 2
K: 80, 91, 197, 250, 186, 158, 22, 244, 39, 111, 133, 220, 198, 184, 196, 37, 196, 170, 83, 13, 248, 137, 214, 145, 207, 141, 22, 250, 127, 178, 242, 222
V: 0, 146, 131, 146, 135, 146, 143, 146, 143, 146, 1, 131, 131, 128, 130, 132, 55, 128, 131, 1, 146, 80, 80, 80, 147, 80, 80, 80, 80, 96, 64, 81
K: 80, 91, 197, 250, 186, 158, 22, 244, 39, 111, 133, 220, 198, 184, 196, 37, 196, 170, 83, 13, 248, 137, 214, 145, 207, 141, 22, 250, 127, 178, 242, 223
V: 0, 96, 32, 129, 131, 3, 3, 129, 82, 144, 96, 64, 82, 96, 64, 81, 128, 130, 128, 81, 144, 96, 32, 1, 144, 128, 131, 131, 91, 96, 32, 131
K: 80, 91, 197, 250, 186, 158, 22, 244, 39, 111, 133, 220, 198, 184, 196, 37, 196, 170, 83, 13, 248, 137, 214, 145, 207, 141, 22, 250, 127, 178, 242, 224
V: 0, 16, 97, 11, 217, 87, 128, 81, 130, 82, 127, 255, 255, 255, 255, 255, 255, 255, 255, 255, 255, 255, 255, 255, 255, 255, 255, 255, 255, 255, 255, 255
K: 80, 91, 197, 250, 186, 158, 22, 244, 39, 111, 133, 220, 198, 184, 196, 37, 196, 170, 83, 13, 248, 137, 214, 145, 207, 141, 22, 250, 127, 178, 242, 225
V: 11, 255, 255, 255, 255, 255, 255, 255, 255, 255, 255, 224, 144, 146, 1, 145, 96, 32, 145, 130, 1, 145, 1, 97, 11, 156, 86, 91, 81, 129, 81, 96
K: 80, 91, 197, 250, 186, 158, 22, 244, 39, 111, 133, 220, 198, 184, 196, 37, 196, 170, 83, 13, 248, 137, 214, 145, 207, 141, 22, 250, 127, 178, 242, 226
V: 1, 32, 147, 132, 3, 97, 1, 0, 10, 127, 255, 255, 255, 255, 255, 255, 255, 255, 255, 255, 255, 255, 255, 255, 255, 255, 255, 255, 255, 255, 255, 255
K: 80, 91, 197, 250, 186, 158, 22, 244, 39, 111, 133, 220, 198, 184, 196, 37, 196, 170, 83, 13, 248, 137, 214, 145, 207, 141, 22, 250, 127, 178, 242, 227
V: 10, 255, 255, 255, 255, 255, 255, 255, 255, 255, 255, 1, 128, 25, 144, 146, 22, 145, 22, 23, 144, 82, 96, 64, 81, 145, 144, 147, 1, 148, 80, 145
K: 80, 91, 197, 250, 186, 158, 22, 244, 39, 111, 133, 220, 198, 184, 196, 37, 196, 170, 83, 13, 248, 137, 214, 145, 207, 141, 22, 250, 127, 178, 242, 228
V: 0, 146, 80, 80, 128, 131, 3, 129, 133, 90, 250, 21, 128, 21, 97, 12, 54, 87, 61, 96, 0, 128, 62, 61, 96, 0, 253, 91, 80, 80, 80, 96
K: 80, 91, 197, 250, 186, 158, 22, 244, 39, 111, 133, 220, 198, 184, 196, 37, 196, 170, 83, 13, 248, 137, 214, 145, 207, 141, 22, 250, 127, 178, 242, 229
V: 1, 64, 81, 61, 96, 32, 129, 16, 21, 97, 12, 75, 87, 96, 0, 128, 253, 91, 80, 81, 96, 64, 81, 134, 81, 96, 2, 145, 136, 145, 96, 0
K: 80, 91, 197, 250, 186, 158, 22, 244, 39, 111, 133, 220, 198, 184, 196, 37, 196, 170, 83, 13, 248, 137, 214, 145, 207, 141, 22, 250, 127, 178, 242, 230
V: 0, 145, 136, 145, 96, 32, 145, 130, 1, 145, 130, 145, 144, 134, 1, 144, 128, 131, 131, 91, 96, 32, 131, 16, 97, 12, 169, 87, 128, 81, 130, 82
K: 80, 91, 197, 250, 186, 158, 22, 244, 39, 111, 133, 220, 198, 184, 196, 37, 196, 170, 83, 13, 248, 137, 214, 145, 207, 141, 22, 250, 127, 178, 242, 231
V: 0, 127, 255, 255, 255, 255, 255, 255, 255, 255, 255, 255, 255, 255, 255, 255, 255, 255, 255, 255, 255, 255, 255, 255, 255, 255, 255, 255, 255, 255, 255, 255
K: 80, 91, 197, 250, 186, 158, 22, 244, 39, 111, 133, 220, 198, 184, 196, 37, 196, 170, 83, 13, 248, 137, 214, 145, 207, 141, 22, 250, 127, 178, 242, 232
V: 2, 255, 224, 144, 146, 1, 145, 96, 32, 145, 130, 1, 145, 1, 97, 12, 108, 86, 91, 96, 1, 131, 96, 32, 3, 97, 1, 0, 10, 3, 128, 25
K: 80, 91, 197, 250, 186, 158, 22, 244, 39, 111, 133, 220, 198, 184, 196, 37, 196, 170, 83, 13, 248, 137, 214, 145, 207, 141, 22, 250, 127, 178, 242, 233
V: 0, 130, 81, 22, 129, 132, 81, 22, 128, 130, 23, 133, 82, 80, 80, 80, 80, 80, 80, 144, 80, 1, 131, 103, 255, 255, 255, 255, 255, 255, 255, 255
K: 80, 91, 197, 250, 186, 158, 22, 244, 39, 111, 133, 220, 198, 184, 196, 37, 196, 170, 83, 13, 248, 137, 214, 145, 207, 141, 22, 250, 127, 178, 242, 234
V: 0, 25, 22, 103, 255, 255, 255, 255, 255, 255, 255, 255, 25, 22, 129, 82, 96, 24, 1, 130, 129, 82, 96, 32, 1, 147, 80, 80, 80, 80, 96, 64
K: 80, 91, 197, 250, 186, 158, 22, 244, 39, 111, 133, 220, 198, 184, 196, 37, 196, 170, 83, 13, 248, 137, 214, 145, 207, 141, 22, 250, 127, 178, 242, 235
V: 0, 81, 96, 32, 129, 131, 3, 3, 129, 82, 144, 96, 64, 82, 96, 64, 81, 128, 130, 128, 81, 144, 96, 32, 1, 144, 128, 131, 131, 91, 96, 32
K: 80, 91, 197, 250, 186, 158, 22, 244, 39, 111, 133, 220, 198, 184, 196, 37, 196, 170, 83, 13, 248, 137, 214, 145, 207, 141, 22, 250, 127, 178, 242, 236
V: 0, 131, 16, 97, 13, 78, 87, 128, 81, 130, 82, 127, 255, 255, 255, 255, 255, 255, 255, 255, 255, 255, 255, 255, 255, 255, 255, 255, 255, 255, 255, 255
K: 80, 91, 197, 250, 186, 158, 22, 244, 39, 111, 133, 220, 198, 184, 196, 37, 196, 170, 83, 13, 248, 137, 214, 145, 207, 141, 22, 250, 127, 178, 242, 237
V: 12, 255, 255, 255, 255, 255, 255, 255, 255, 255, 255, 255, 224, 144, 146, 1, 145, 96, 32, 145, 130, 1, 145, 1, 97, 13, 17, 86, 91, 81, 129, 81
K: 80, 91, 197, 250, 186, 158, 22, 244, 39, 111, 133, 220, 198, 184, 196, 37, 196, 170, 83, 13, 248, 137, 214, 145, 207, 141, 22, 250, 127, 178, 242, 238
V: 0, 96, 32, 147, 132, 3, 97, 1, 0, 10, 127, 255, 255, 255, 255, 255, 255, 255, 255, 255, 255, 255, 255, 255, 255, 255, 255, 255, 255, 255, 255, 255
K: 80, 91, 197, 250, 186, 158, 22, 244, 39, 111, 133, 220, 198, 184, 196, 37, 196, 170, 83, 13, 248, 137, 214, 145, 207, 141, 22, 250, 127, 178, 242, 239
V: 11, 255, 255, 255, 255, 255, 255, 255, 255, 255, 255, 255, 1, 128, 25, 144, 146, 22, 145, 22, 23, 144, 82, 96, 64, 81, 145, 144, 147, 1, 148, 80
K: 80, 91, 197, 250, 186, 158, 22, 244, 39, 111, 133, 220, 198, 184, 196, 37, 196, 170, 83, 13, 248, 137, 214, 145, 207, 141, 22, 250, 127, 178, 242, 240
V: 0, 145, 146, 80, 80, 128, 131, 3, 129, 133, 90, 250, 21, 128, 21, 97, 13, 171, 87, 61, 96, 0, 128, 62, 61, 96, 0, 253, 91, 80, 80, 80
K: 80, 91, 197, 250, 186, 158, 22, 244, 39, 111, 133, 220, 198, 184, 196, 37, 196, 170, 83, 13, 248, 137, 214, 145, 207, 141, 22, 250, 127, 178, 242, 241
V: 0, 96, 64, 81, 61, 96, 32, 129, 16, 21, 97, 13, 192, 87, 96, 0, 128, 253, 91, 80, 81, 96, 64, 128, 81, 96, 32, 129, 129, 1, 148, 144
K: 80, 91, 197, 250, 186, 158, 22, 244, 39, 111, 133, 220, 198, 184, 196, 37, 196, 170, 83, 13, 248, 137, 214, 145, 207, 141, 22, 250, 127, 178, 242, 242
V: 0, 148, 82, 128, 130, 1, 146, 144, 146, 82, 128, 81, 128, 131, 3, 130, 1, 129, 82, 96, 96, 144, 146, 1, 144, 129, 144, 82, 129, 81, 145, 146
K: 80, 91, 197, 250, 186, 158, 22, 244, 39, 111, 133, 220, 198, 184, 196, 37, 196, 170, 83, 13, 248, 137, 214, 145, 207, 141, 22, 250, 127, 178, 242, 243
V: 0, 144, 145, 130, 145, 132, 1, 144, 128, 131, 131, 91, 96, 32, 131, 16, 97, 14, 52, 87, 128, 81, 130, 82, 127, 255, 255, 255, 255, 255, 255, 255
K: 80, 91, 197, 250, 186, 158, 22, 244, 39, 111, 133, 220, 198, 184, 196, 37, 196, 170, 83, 13, 248, 137, 214, 145, 207, 141, 22, 250, 127, 178, 242, 244
V: 25, 255, 255, 255, 255, 255, 255, 255, 255, 255, 255, 255, 255, 255, 255, 255, 255, 255, 255, 255, 255, 255, 255, 255, 255, 224, 144, 146, 1, 145, 96, 32
K: 80, 91, 197, 250, 186, 158, 22, 244, 39, 111, 133, 220, 198, 184, 196, 37, 196, 170, 83, 13, 248, 137, 214, 145, 207, 141, 22, 250, 127, 178, 242, 245
V: 0, 145, 130, 1, 145, 1, 97, 13, 247, 86, 91, 81, 129, 81, 96, 32, 147, 132, 3, 97, 1, 0, 10, 127, 255, 255, 255, 255, 255, 255, 255, 255
K: 80, 91, 197, 250, 186, 158, 22, 244, 39, 111, 133, 220, 198, 184, 196, 37, 196, 170, 83, 13, 248, 137, 214, 145, 207, 141, 22, 250, 127, 178, 242, 246
V: 24, 255, 255, 255, 255, 255, 255, 255, 255, 255, 255, 255, 255, 255, 255, 255, 255, 255, 255, 255, 255, 255, 255, 255, 255, 1, 128, 25, 144, 146, 22, 145
K: 80, 91, 197, 250, 186, 158, 22, 244, 39, 111, 133, 220, 198, 184, 196, 37, 196, 170, 83, 13, 248, 137, 214, 145, 207, 141, 22, 250, 127, 178, 242, 247
V: 0, 22, 23, 144, 82, 96, 64, 81, 145, 144, 147, 1, 148, 80, 145, 146, 80, 80, 128, 131, 3, 129, 133, 90, 250, 21, 128, 21, 97, 14, 145, 87
K: 80, 91, 197, 250, 186, 158, 22, 244, 39, 111, 133, 220, 198, 184, 196, 37, 196, 170, 83, 13, 248, 137, 214, 145, 207, 141, 22, 250, 127, 178, 242, 248
V: 0, 61, 96, 0, 128, 62, 61, 96, 0, 253, 91, 80, 80, 80, 96, 64, 81, 61, 96, 32, 129, 16, 21, 97, 14, 166, 87, 96, 0, 128, 253, 91
K: 80, 91, 197, 250, 186, 158, 22, 244, 39, 111, 133, 220, 198, 184, 196, 37, 196, 170, 83, 13, 248, 137, 214, 145, 207, 141, 22, 250, 127, 178, 242, 249
V: 0, 80, 81, 144, 80, 133, 129, 20, 97, 15, 2, 87, 96, 64, 81, 127, 8, 195, 121, 160, 0, 0, 0, 0, 0, 0, 0, 0, 0, 0, 0, 0
K: 80, 91, 197, 250, 186, 158, 22, 244, 39, 111, 133, 220, 198, 184, 196, 37, 196, 170, 83, 13, 248, 137, 214, 145, 207, 141, 22, 250, 127, 178, 242, 250
V: 16, 0, 0, 0, 0, 0, 0, 0, 0, 0, 0, 0, 0, 0, 0, 0, 0, 129, 82, 96, 4, 1, 128, 128, 96, 32, 1, 130, 129, 3, 130, 82
K: 80, 91, 197, 250, 186, 158, 22, 244, 39, 111, 133, 220, 198, 184, 196, 37, 196, 170, 83, 13, 248, 137, 214, 145, 207, 141, 22, 250, 127, 178, 242, 251
V: 0, 96, 84, 129, 82, 96, 32, 1, 128, 97, 23, 72, 96, 84, 145, 57, 96, 96, 1, 145, 80, 80, 96, 64, 81, 128, 145, 3, 144, 253, 91, 96
K: 80, 91, 197, 250, 186, 158, 22, 244, 39, 111, 133, 220, 198, 184, 196, 37, 196, 170, 83, 13, 248, 137, 214, 145, 207, 141, 22, 250, 127, 178, 242, 252
V: 1, 32, 84, 99, 255, 255, 255, 255, 17, 97, 15, 96, 87, 96, 64, 81, 127, 8, 195, 121, 160, 0, 0, 0, 0, 0, 0, 0, 0, 0, 0, 0
K: 80, 91, 197, 250, 186, 158, 22, 244, 39, 111, 133, 220, 198, 184, 196, 37, 196, 170, 83, 13, 248, 137, 214, 145, 207, 141, 22, 250, 127, 178, 242, 253
V: 17, 0, 0, 0, 0, 0, 0, 0, 0, 0, 0, 0, 0, 0, 0, 0, 0, 0, 129, 82, 96, 4, 1, 128, 128, 96, 32, 1, 130, 129, 3, 130
K: 80, 91, 197, 250, 186, 158, 22, 244, 39, 111, 133, 220, 198, 184, 196, 37, 196, 170, 83, 13, 248, 137, 214, 145, 207, 141, 22, 250, 127, 178, 242, 254
V: 0, 82, 96, 33, 129, 82, 96, 32, 1, 128, 97, 23, 39, 96, 33, 145, 57, 96, 64, 1, 145, 80, 80, 96, 64, 81, 128, 145, 3, 144, 253, 91
K: 80, 91, 197, 250, 186, 158, 22, 244, 39, 111, 133, 220, 198, 184, 196, 37, 196, 170, 83, 13, 248, 137, 214, 145, 207, 141, 22, 250, 127, 178, 242, 255
V: 0, 96, 32, 128, 84, 96, 1, 1, 144, 129, 144, 85, 96, 0, 91, 96, 32, 129, 16, 21, 97, 16, 169, 87, 129, 96, 1, 22, 96, 1, 20, 21
K: 213, 167, 125, 152, 39, 36, 206, 90, 251, 182, 163, 176, 220, 3, 249, 30, 3, 43, 13, 221, 85, 167, 220, 87, 249, 20, 31, 177, 67, 91, 130, 0
V: 0, 97, 15, 160, 87, 130, 96, 0, 130, 96, 32, 129, 16, 97, 15, 145, 87, 254, 91, 1, 85, 80, 97, 16, 172, 149, 80, 80, 80, 80, 80, 80
K: 213, 167, 125, 152, 39, 36, 206, 90, 251, 182, 163, 176, 220, 3, 249, 30, 3, 43, 13, 221, 85, 167, 220, 87, 249, 20, 31, 177, 67, 91, 130, 1
V: 0, 86, 91, 96, 2, 96, 0, 130, 96, 32, 129, 16, 97, 15, 175, 87, 254, 91, 1, 84, 132, 96, 64, 81, 96, 32, 1, 128, 131, 129, 82, 96
K: 213, 167, 125, 152, 39, 36, 206, 90, 251, 182, 163, 176, 220, 3, 249, 30, 3, 43, 13, 221, 85, 167, 220, 87, 249, 20, 31, 177, 67, 91, 130, 2
V: 1, 32, 1, 130, 129, 82, 96, 32, 1, 146, 80, 80, 80, 96, 64, 81, 96, 32, 129, 131, 3, 3, 129, 82, 144, 96, 64, 82, 96, 64, 81, 128
K: 213, 167, 125, 152, 39, 36, 206, 90, 251, 182, 163, 176, 220, 3, 249, 30, 3, 43, 13, 221, 85, 167, 220, 87, 249, 20, 31, 177, 67, 91, 130, 3
V: 0, 130, 128, 81, 144, 96, 32, 1, 144, 128, 131, 131, 91, 96, 32, 131, 16, 97, 16, 37, 87, 128, 81, 130, 82, 127, 255, 255, 255, 255, 255, 255
K: 213, 167, 125, 152, 39, 36, 206, 90, 251, 182, 163, 176, 220, 3, 249, 30, 3, 43, 13, 221, 85, 167, 220, 87, 249, 20, 31, 177, 67, 91, 130, 4
V: 26, 255, 255, 255, 255, 255, 255, 255, 255, 255, 255, 255, 255, 255, 255, 255, 255, 255, 255, 255, 255, 255, 255, 255, 255, 255, 224, 144, 146, 1, 145, 96
K: 213, 167, 125, 152, 39, 36, 206, 90, 251, 182, 163, 176, 220, 3, 249, 30, 3, 43, 13, 221, 85, 167, 220, 87, 249, 20, 31, 177, 67, 91, 130, 5
V: 1, 32, 145, 130, 1, 145, 1, 97, 15, 232, 86, 91, 81, 129, 81, 96, 32, 147, 132, 3, 97, 1, 0, 10, 127, 255, 255, 255, 255, 255, 255, 255
K: 213, 167, 125, 152, 39, 36, 206, 90, 251, 182, 163, 176, 220, 3, 249, 30, 3, 43, 13, 221, 85, 167, 220, 87, 249, 20, 31, 177, 67, 91, 130, 6
V: 25, 255, 255, 255, 255, 255, 255, 255, 255, 255, 255, 255, 255, 255, 255, 255, 255, 255, 255, 255, 255, 255, 255, 255, 255, 255, 1, 128, 25, 144, 146, 22
K: 213, 167, 125, 152, 39, 36, 206, 90, 251, 182, 163, 176, 220, 3, 249, 30, 3, 43, 13, 221, 85, 167, 220, 87, 249, 20, 31, 177, 67, 91, 130, 7
V: 0, 145, 22, 23, 144, 82, 96, 64, 81, 145, 144, 147, 1, 148, 80, 145, 146, 80, 80, 128, 131, 3, 129, 133, 90, 250, 21, 128, 21, 97, 16, 130
K: 213, 167, 125, 152, 39, 36, 206, 90, 251, 182, 163, 176, 220, 3, 249, 30, 3, 43, 13, 221, 85, 167, 220, 87, 249, 20, 31, 177, 67, 91, 130, 8
V: 0, 87, 61, 96, 0, 128, 62, 61, 96, 0, 253, 91, 80, 80, 80, 96, 64, 81, 61, 96, 32, 129, 16, 21, 97, 16, 151, 87, 96, 0, 128, 253
K: 213, 167, 125, 152, 39, 36, 206, 90, 251, 182, 163, 176, 220, 3, 249, 30, 3, 43, 13, 221, 85, 167, 220, 87, 249, 20, 31, 177, 67, 91, 130, 9
V: 0, 91, 80, 81, 146, 80, 96, 2, 130, 4, 145, 80, 96, 1, 1, 97, 15, 110, 86, 91, 80, 254, 91, 80, 80, 80, 80, 80, 80, 80, 86, 91
K: 213, 167, 125, 152, 39, 36, 206, 90, 251, 182, 163, 176, 220, 3, 249, 30, 3, 43, 13, 221, 85, 167, 220, 87, 249, 20, 31, 177, 67, 91, 130, 10
V: 0, 96, 96, 97, 16, 194, 96, 32, 84, 97, 20, 186, 86, 91, 144, 80, 144, 86, 91, 96, 32, 84, 96, 0, 144, 129, 144, 129, 91, 96, 32, 129
K: 213, 167, 125, 152, 39, 36, 206, 90, 251, 182, 163, 176, 220, 3, 249, 30, 3, 43, 13, 221, 85, 167, 220, 87, 249, 20, 31, 177, 67, 91, 130, 11
V: 0, 16, 21, 97, 18, 240, 87, 129, 96, 1, 22, 96, 1, 20, 21, 97, 17, 230, 87, 96, 2, 96, 0, 130, 96, 32, 129, 16, 97, 16, 245, 87
K: 213, 167, 125, 152, 39, 36, 206, 90, 251, 182, 163, 176, 220, 3, 249, 30, 3, 43, 13, 221, 85, 167, 220, 87, 249, 20, 31, 177, 67, 91, 130, 12
V: 0, 254, 91, 1, 84, 132, 96, 64, 81, 96, 32, 1, 128, 131, 129, 82, 96, 32, 1, 130, 129, 82, 96, 32, 1, 146, 80, 80, 80, 96, 64, 81
K: 213, 167, 125, 152, 39, 36, 206, 90, 251, 182, 163, 176, 220, 3, 249, 30, 3, 43, 13, 221, 85, 167, 220, 87, 249, 20, 31, 177, 67, 91, 130, 13
V: 0, 96, 32, 129, 131, 3, 3, 129, 82, 144, 96, 64, 82, 96, 64, 81, 128, 130, 128, 81, 144, 96, 32, 1, 144, 128, 131, 131, 91, 96, 32, 131
K: 213, 167, 125, 152, 39, 36, 206, 90, 251, 182, 163, 176, 220, 3, 249, 30, 3, 43, 13, 221, 85, 167, 220, 87, 249, 20, 31, 177, 67, 91, 130, 14
V: 0, 16, 97, 17, 107, 87, 128, 81, 130, 82, 127, 255, 255, 255, 255, 255, 255, 255, 255, 255, 255, 255, 255, 255, 255, 255, 255, 255, 255, 255, 255, 255
K: 213, 167, 125, 152, 39, 36, 206, 90, 251, 182, 163, 176, 220, 3, 249, 30, 3, 43, 13, 221, 85, 167, 220, 87, 249, 20, 31, 177, 67, 91, 130, 15
V: 11, 255, 255, 255, 255, 255, 255, 255, 255, 255, 255, 224, 144, 146, 1, 145, 96, 32, 145, 130, 1, 145, 1, 97, 17, 46, 86, 91, 81, 129, 81, 96
K: 213, 167, 125, 152, 39, 36, 206, 90, 251, 182, 163, 176, 220, 3, 249, 30, 3, 43, 13, 221, 85, 167, 220, 87, 249, 20, 31, 177, 67, 91, 130, 16
V: 1, 32, 147, 132, 3, 97, 1, 0, 10, 127, 255, 255, 255, 255, 255, 255, 255, 255, 255, 255, 255, 255, 255, 255, 255, 255, 255, 255, 255, 255, 255, 255
K: 213, 167, 125, 152, 39, 36, 206, 90, 251, 182, 163, 176, 220, 3, 249, 30, 3, 43, 13, 221, 85, 167, 220, 87, 249, 20, 31, 177, 67, 91, 130, 17
V: 10, 255, 255, 255, 255, 255, 255, 255, 255, 255, 255, 1, 128, 25, 144, 146, 22, 145, 22, 23, 144, 82, 96, 64, 81, 145, 144, 147, 1, 148, 80, 145
K: 213, 167, 125, 152, 39, 36, 206, 90, 251, 182, 163, 176, 220, 3, 249, 30, 3, 43, 13, 221, 85, 167, 220, 87, 249, 20, 31, 177, 67, 91, 130, 18
V: 0, 146, 80, 80, 128, 131, 3, 129, 133, 90, 250, 21, 128, 21, 97, 17, 200, 87, 61, 96, 0, 128, 62, 61, 96, 0, 253, 91, 80, 80, 80, 96
K: 213, 167, 125, 152, 39, 36, 206, 90, 251, 182, 163, 176, 220, 3, 249, 30, 3, 43, 13, 221, 85, 167, 220, 87, 249, 20, 31, 177, 67, 91, 130, 19
V: 1, 64, 81, 61, 96, 32, 129, 16, 21, 97, 17, 221, 87, 96, 0, 128, 253, 91, 80, 81, 146, 80, 97, 18, 226, 86, 91, 96, 2, 131, 96, 33
K: 213, 167, 125, 152, 39, 36, 206, 90, 251, 182, 163, 176, 220, 3, 249, 30, 3, 43, 13, 221, 85, 167, 220, 87, 249, 20, 31, 177, 67, 91, 130, 20
V: 0, 131, 96, 32, 129, 16, 97, 17, 246, 87, 254, 91, 1, 84, 96, 64, 81, 96, 32, 1, 128, 131, 129, 82, 96, 32, 1, 130, 129, 82, 96, 32
K: 213, 167, 125, 152, 39, 36, 206, 90, 251, 182, 163, 176, 220, 3, 249, 30, 3, 43, 13, 221, 85, 167, 220, 87, 249, 20, 31, 177, 67, 91, 130, 21
V: 0, 1, 146, 80, 80, 80, 96, 64, 81, 96, 32, 129, 131, 3, 3, 129, 82, 144, 96, 64, 82, 96, 64, 81, 128, 130, 128, 81, 144, 96, 32, 1
K: 213, 167, 125, 152, 39, 36, 206, 90, 251, 182, 163, 176, 220, 3, 249, 30, 3, 43, 13, 221, 85, 167, 220, 87, 249, 20, 31, 177, 67, 91, 130, 22
V: 0, 144, 128, 131, 131, 91, 96, 32, 131, 16, 97, 18, 107, 87, 128, 81, 130, 82, 127, 255, 255, 255, 255, 255, 255, 255, 255, 255, 255, 255, 255, 255
K: 213, 167, 125, 152, 39, 36, 206, 90, 251, 182, 163, 176, 220, 3, 249, 30, 3, 43, 13, 221, 85, 167, 220, 87, 249, 20, 31, 177, 67, 91, 130, 23
V: 19, 255, 255, 255, 255, 255, 255, 255, 255, 255, 255, 255, 255, 255, 255, 255, 255, 255, 255, 224, 144, 146, 1, 145, 96, 32, 145, 130, 1, 145, 1, 97
K: 213, 167, 125, 152, 39, 36, 206, 90, 251, 182, 163, 176, 220, 3, 249, 30, 3, 43, 13, 221, 85, 167, 220, 87, 249, 20, 31, 177, 67, 91, 130, 24
V: 2, 18, 46, 86, 91, 81, 129, 81, 96, 32, 147, 132, 3, 97, 1, 0, 10, 127, 255, 255, 255, 255, 255, 255, 255, 255, 255, 255, 255, 255, 255, 255
K: 213, 167, 125, 152, 39, 36, 206, 90, 251, 182, 163, 176, 220, 3, 249, 30, 3, 43, 13, 221, 85, 167, 220, 87, 249, 20, 31, 177, 67, 91, 130, 25
V: 18, 255, 255, 255, 255, 255, 255, 255, 255, 255, 255, 255, 255, 255, 255, 255, 255, 255, 255, 1, 128, 25, 144, 146, 22, 145, 22, 23, 144, 82, 96, 64
K: 213, 167, 125, 152, 39, 36, 206, 90, 251, 182, 163, 176, 220, 3, 249, 30, 3, 43, 13, 221, 85, 167, 220, 87, 249, 20, 31, 177, 67, 91, 130, 26
V: 0, 81, 145, 144, 147, 1, 148, 80, 145, 146, 80, 80, 128, 131, 3, 129, 133, 90, 250, 21, 128, 21, 97, 18, 200, 87, 61, 96, 0, 128, 62, 61
K: 213, 167, 125, 152, 39, 36, 206, 90, 251, 182, 163, 176, 220, 3, 249, 30, 3, 43, 13, 221, 85, 167, 220, 87, 249, 20, 31, 177, 67, 91, 130, 27
V: 0, 96, 0, 253, 91, 80, 80, 80, 96, 64, 81, 61, 96, 32, 129, 16, 21, 97, 18, 221, 87, 96, 0, 128, 253, 91, 80, 81, 146, 80, 91, 96
K: 213, 167, 125, 152, 39, 36, 206, 90, 251, 182, 163, 176, 220, 3, 249, 30, 3, 43, 13, 221, 85, 167, 220, 87, 249, 20, 31, 177, 67, 91, 130, 28
V: 1, 2, 130, 4, 145, 80, 96, 1, 1, 97, 16, 209, 86, 91, 80, 96, 2, 130, 97, 18, 255, 96, 32, 84, 97, 20, 186, 86, 91, 96, 0, 96
K: 213, 167, 125, 152, 39, 36, 206, 90, 251, 182, 163, 176, 220, 3, 249, 30, 3, 43, 13, 221, 85, 167, 220, 87, 249, 20, 31, 177, 67, 91, 130, 29
V: 1, 64, 27, 96, 64, 81, 96, 32, 1, 128, 132, 129, 82, 96, 32, 1, 131, 128, 81, 144, 96, 32, 1, 144, 128, 131, 131, 91, 96, 32, 131, 16
K: 213, 167, 125, 152, 39, 36, 206, 90, 251, 182, 163, 176, 220, 3, 249, 30, 3, 43, 13, 221, 85, 167, 220, 87, 249, 20, 31, 177, 67, 91, 130, 30
V: 0, 97, 19, 90, 87, 128, 81, 130, 82, 127, 255, 255, 255, 255, 255, 255, 255, 255, 255, 255, 255, 255, 255, 255, 255, 255, 255, 255, 255, 255, 255, 255
K: 213, 167, 125, 152, 39, 36, 206, 90, 251, 182, 163, 176, 220, 3, 249, 30, 3, 43, 13, 221, 85, 167, 220, 87, 249, 20, 31, 177, 67, 91, 130, 31
V: 10, 255, 255, 255, 255, 255, 255, 255, 255, 255, 224, 144, 146, 1, 145, 96, 32, 145, 130, 1, 145, 1, 97, 19, 29, 86, 91, 81, 129, 81, 96, 32
K: 213, 167, 125, 152, 39, 36, 206, 90, 251, 182, 163, 176, 220, 3, 249, 30, 3, 43, 13, 221, 85, 167, 220, 87, 249, 20, 31, 177, 67, 91, 130, 32
V: 0, 147, 132, 3, 97, 1, 0, 10, 127, 255, 255, 255, 255, 255, 255, 255, 255, 255, 255, 255, 255, 255, 255, 255, 255, 255, 255, 255, 255, 255, 255, 255
K: 213, 167, 125, 152, 39, 36, 206, 90, 251, 182, 163, 176, 220, 3, 249, 30, 3, 43, 13, 221, 85, 167, 220, 87, 249, 20, 31, 177, 67, 91, 130, 33
V: 9, 255, 255, 255, 255, 255, 255, 255, 255, 255, 1, 128, 25, 144, 146, 22, 145, 22, 23, 144, 82, 127, 255, 255, 255, 255, 255, 255, 255, 255, 255, 255
K: 213, 167, 125, 152, 39, 36, 206, 90, 251, 182, 163, 176, 220, 3, 249, 30, 3, 43, 13, 221, 85, 167, 220, 87, 249, 20, 31, 177, 67, 91, 130, 34
V: 22, 255, 255, 255, 255, 255, 255, 255, 255, 255, 255, 255, 255, 255, 255, 0, 0, 0, 0, 0, 0, 0, 0, 149, 144, 149, 22, 146, 1, 145, 130, 82
K: 213, 167, 125, 152, 39, 36, 206, 90, 251, 182, 163, 176, 220, 3, 249, 30, 3, 43, 13, 221, 85, 167, 220, 87, 249, 20, 31, 177, 67, 91, 130, 35
V: 0, 80, 96, 64, 128, 81, 128, 131, 3, 127, 255, 255, 255, 255, 255, 255, 255, 255, 255, 255, 255, 255, 255, 255, 255, 255, 255, 255, 255, 255, 255, 255
K: 213, 167, 125, 152, 39, 36, 206, 90, 251, 182, 163, 176, 220, 3, 249, 30, 3, 43, 13, 221, 85, 167, 220, 87, 249, 20, 31, 177, 67, 91, 130, 36
V: 10, 255, 255, 255, 255, 255, 255, 255, 255, 255, 248, 1, 129, 82, 96, 24, 144, 146, 1, 144, 129, 144, 82, 129, 81, 145, 149, 80, 147, 80, 131, 146
K: 213, 167, 125, 152, 39, 36, 206, 90, 251, 182, 163, 176, 220, 3, 249, 30, 3, 43, 13, 221, 85, 167, 220, 87, 249, 20, 31, 177, 67, 91, 130, 37
V: 0, 133, 1, 145, 80, 128, 131, 131, 91, 96, 32, 131, 16, 97, 20, 63, 87, 128, 81, 130, 82, 127, 255, 255, 255, 255, 255, 255, 255, 255, 255, 255
K: 213, 167, 125, 152, 39, 36, 206, 90, 251, 182, 163, 176, 220, 3, 249, 30, 3, 43, 13, 221, 85, 167, 220, 87, 249, 20, 31, 177, 67, 91, 130, 38
V: 22, 255, 255, 255, 255, 255, 255, 255, 255, 255, 255, 255, 255, 255, 255, 255, 255, 255, 255, 255, 255, 255, 224, 144, 146, 1, 145, 96, 32, 145, 130, 1
K: 213, 167, 125, 152, 39, 36, 206, 90, 251, 182, 163, 176, 220, 3, 249, 30, 3, 43, 13, 221, 85, 167, 220, 87, 249, 20, 31, 177, 67, 91, 130, 39
V: 0, 145, 1, 97, 20, 2, 86, 91, 81, 129, 81, 96, 32, 147, 132, 3, 97, 1, 0, 10, 127, 255, 255, 255, 255, 255, 255, 255, 255, 255, 255, 255
K: 213, 167, 125, 152, 39, 36, 206, 90, 251, 182, 163, 176, 220, 3, 249, 30, 3, 43, 13, 221, 85, 167, 220, 87, 249, 20, 31, 177, 67, 91, 130, 40
V: 21, 255, 255, 255, 255, 255, 255, 255, 255, 255, 255, 255, 255, 255, 255, 255, 255, 255, 255, 255, 255, 255, 1, 128, 25, 144, 146, 22, 145, 22, 23, 144
K: 213, 167, 125, 152, 39, 36, 206, 90, 251, 182, 163, 176, 220, 3, 249, 30, 3, 43, 13, 221, 85, 167, 220, 87, 249, 20, 31, 177, 67, 91, 130, 41
V: 0, 82, 96, 64, 81, 145, 144, 147, 1, 148, 80, 145, 146, 80, 80, 128, 131, 3, 129, 133, 90, 250, 21, 128, 21, 97, 20, 156, 87, 61, 96, 0
K: 213, 167, 125, 152, 39, 36, 206, 90, 251, 182, 163, 176, 220, 3, 249, 30, 3, 43, 13, 221, 85, 167, 220, 87, 249, 20, 31, 177, 67, 91, 130, 42
V: 0, 128, 62, 61, 96, 0, 253, 91, 80, 80, 80, 96, 64, 81, 61, 96, 32, 129, 16, 21, 97, 20, 177, 87, 96, 0, 128, 253, 91, 80, 81, 146
K: 213, 167, 125, 152, 39, 36, 206, 90, 251, 182, 163, 176, 220, 3, 249, 30, 3, 43, 13, 221, 85, 167, 220, 87, 249, 20, 31, 177, 67, 91, 130, 43
V: 0, 80, 80, 80, 144, 86, 91, 96, 64, 128, 81, 96, 8, 128, 130, 82, 129, 131, 1, 144, 146, 82, 96, 96, 145, 96, 32, 130, 1, 129, 128, 54
K: 213, 167, 125, 152, 39, 36, 206, 90, 251, 182, 163, 176, 220, 3, 249, 30, 3, 43, 13, 221, 85, 167, 220, 87, 249, 20, 31, 177, 67, 91, 130, 44
V: 0, 131, 55, 1, 144, 80, 80, 144, 80, 96, 192, 130, 144, 27, 128, 96, 7, 26, 96, 248, 27, 130, 96, 0, 129, 81, 129, 16, 97, 20, 244, 87
K: 213, 167, 125, 152, 39, 36, 206, 90, 251, 182, 163, 176, 220, 3, 249, 30, 3, 43, 13, 221, 85, 167, 220, 87, 249, 20, 31, 177, 67, 91, 130, 45
V: 0, 254, 91, 96, 32, 1, 1, 144, 126, 255, 255, 255, 255, 255, 255, 255, 255, 255, 255, 255, 255, 255, 255, 255, 255, 255, 255, 255, 255, 255, 255, 255
K: 213, 167, 125, 152, 39, 36, 206, 90, 251, 182, 163, 176, 220, 3, 249, 30, 3, 43, 13, 221, 85, 167, 220, 87, 249, 20, 31, 177, 67, 91, 130, 46
V: 8, 255, 255, 255, 255, 255, 255, 255, 255, 25, 22, 144, 129, 96, 0, 26, 144, 83, 80, 128, 96, 6, 26, 96, 248, 27, 130, 96, 1, 129, 81, 129
K: 213, 167, 125, 152, 39, 36, 206, 90, 251, 182, 163, 176, 220, 3, 249, 30, 3, 43, 13, 221, 85, 167, 220, 87, 249, 20, 31, 177, 67, 91, 130, 47
V: 0, 16, 97, 21, 55, 87, 254, 91, 96, 32, 1, 1, 144, 126, 255, 255, 255, 255, 255, 255, 255, 255, 255, 255, 255, 255, 255, 255, 255, 255, 255, 255
K: 213, 167, 125, 152, 39, 36, 206, 90, 251, 182, 163, 176, 220, 3, 249, 30, 3, 43, 13, 221, 85, 167, 220, 87, 249, 20, 31, 177, 67, 91, 130, 48
V: 13, 255, 255, 255, 255, 255, 255, 255, 255, 255, 255, 255, 255, 255, 25, 22, 144, 129, 96, 0, 26, 144, 83, 80, 128, 96, 5, 26, 96, 248, 27, 130
K: 213, 167, 125, 152, 39, 36, 206, 90, 251, 182, 163, 176, 220, 3, 249, 30, 3, 43, 13, 221, 85, 167, 220, 87, 249, 20, 31, 177, 67, 91, 130, 49
V: 0, 96, 2, 129, 81, 129, 16, 97, 21, 122, 87, 254, 91, 96, 32, 1, 1, 144, 126, 255, 255, 255, 255, 255, 255, 255, 255, 255, 255, 255, 255, 255
K: 213, 167, 125, 152, 39, 36, 206, 90, 251, 182, 163, 176, 220, 3, 249, 30, 3, 43, 13, 221, 85, 167, 220, 87, 249, 20, 31, 177, 67, 91, 130, 50
V: 18, 255, 255, 255, 255, 255, 255, 255, 255, 255, 255, 255, 255, 255, 255, 255, 255, 255, 255, 25, 22, 144, 129, 96, 0, 26, 144, 83, 80, 128, 96, 4
K: 213, 167, 125, 152, 39, 36, 206, 90, 251, 182, 163, 176, 220, 3, 249, 30, 3, 43, 13, 221, 85, 167, 220, 87, 249, 20, 31, 177, 67, 91, 130, 51
V: 0, 26, 96, 248, 27, 130, 96, 3, 129, 81, 129, 16, 97, 21, 189, 87, 254, 91, 96, 32, 1, 1, 144, 126, 255, 255, 255, 255, 255, 255, 255, 255
K: 213, 167, 125, 152, 39, 36, 206, 90, 251, 182, 163, 176, 220, 3, 249, 30, 3, 43, 13, 221, 85, 167, 220, 87, 249, 20, 31, 177, 67, 91, 130, 52
V: 23, 255, 255, 255, 255, 255, 255, 255, 255, 255, 255, 255, 255, 255, 255, 255, 255, 255, 255, 255, 255, 255, 255, 255, 25, 22, 144, 129, 96, 0, 26, 144
K: 213, 167, 125, 152, 39, 36, 206, 90, 251, 182, 163, 176, 220, 3, 249, 30, 3, 43, 13, 221, 85, 167, 220, 87, 249, 20, 31, 177, 67, 91, 130, 53
V: 0, 83, 80, 128, 96, 3, 26, 96, 248, 27, 130, 96, 4, 129, 81, 129, 16, 97, 22, 0, 87, 254, 91, 96, 32, 1, 1, 144, 126, 255, 255, 255
K: 213, 167, 125, 152, 39, 36, 206, 90, 251, 182, 163, 176, 220, 3, 249, 30, 3, 43, 13, 221, 85, 167, 220, 87, 249, 20, 31, 177, 67, 91, 130, 54
V: 28, 255, 255, 255, 255, 255, 255, 255, 255, 255, 255, 255, 255, 255, 255, 255, 255, 255, 255, 255, 255, 255, 255, 255, 255, 255, 255, 255, 255, 25, 22, 144
K: 213, 167, 125, 152, 39, 36, 206, 90, 251, 182, 163, 176, 220, 3, 249, 30, 3, 43, 13, 221, 85, 167, 220, 87, 249, 20, 31, 177, 67, 91, 130, 55
V: 0, 129, 96, 0, 26, 144, 83, 80, 128, 96, 2, 26, 96, 248, 27, 130, 96, 5, 129, 81, 129, 16, 97, 22, 67, 87, 254, 91, 96, 32, 1, 1
K: 213, 167, 125, 152, 39, 36, 206, 90, 251, 182, 163, 176, 220, 3, 249, 30, 3, 43, 13, 221, 85, 167, 220, 87, 249, 20, 31, 177, 67, 91, 130, 56
V: 0, 144, 126, 255, 255, 255, 255, 255, 255, 255, 255, 255, 255, 255, 255, 255, 255, 255, 255, 255, 255, 255, 255, 255, 255, 255, 255, 255, 255, 255, 255, 255
K: 213, 167, 125, 152, 39, 36, 206, 90, 251, 182, 163, 176, 220, 3, 249, 30, 3, 43, 13, 221, 85, 167, 220, 87, 249, 20, 31, 177, 67, 91, 130, 57
V: 2, 255, 255, 25, 22, 144, 129, 96, 0, 26, 144, 83, 80, 128, 96, 1, 26, 96, 248, 27, 130, 96, 6, 129, 81, 129, 16, 97, 22, 134, 87, 254
K: 213, 167, 125, 152, 39, 36, 206, 90, 251, 182, 163, 176, 220, 3, 249, 30, 3, 43, 13, 221, 85, 167, 220, 87, 249, 20, 31, 177, 67, 91, 130, 58
V: 0, 91, 96, 32, 1, 1, 144, 126, 255, 255, 255, 255, 255, 255, 255, 255, 255, 255, 255, 255, 255, 255, 255, 255, 255, 255, 255, 255, 255, 255, 255, 255
K: 213, 167, 125, 152, 39, 36, 206, 90, 251, 182, 163, 176, 220, 3, 249, 30, 3, 43, 13, 221, 85, 167, 220, 87, 249, 20, 31, 177, 67, 91, 130, 59
V: 7, 255, 255, 255, 255, 255, 255, 255, 25, 22, 144, 129, 96, 0, 26, 144, 83, 80, 128, 96, 0, 26, 96, 248, 27, 130, 96, 7, 129, 81, 129, 16
K: 213, 167, 125, 152, 39, 36, 206, 90, 251, 182, 163, 176, 220, 3, 249, 30, 3, 43, 13, 221, 85, 167, 220, 87, 249, 20, 31, 177, 67, 91, 130, 60
V: 0, 97, 22, 201, 87, 254, 91, 96, 32, 1, 1, 144, 126, 255, 255, 255, 255, 255, 255, 255, 255, 255, 255, 255, 255, 255, 255, 255, 255, 255, 255, 255
K: 213, 167, 125, 152, 39, 36, 206, 90, 251, 182, 163, 176, 220, 3, 249, 30, 3, 43, 13, 221, 85, 167, 220, 87, 249, 20, 31, 177, 67, 91, 130, 61
V: 12, 255, 255, 255, 255, 255, 255, 255, 255, 255, 255, 255, 255, 25, 22, 144, 129, 96, 0, 26, 144, 83, 80, 80, 145, 144, 80, 86, 91, 96, 0, 128
K: 213, 167, 125, 152, 39, 36, 206, 90, 251, 182, 163, 176, 220, 3, 249, 30, 3, 43, 13, 221, 85, 167, 220, 87, 249, 20, 31, 177, 67, 91, 130, 62
V: 0, 133, 133, 17, 21, 97, 23, 13, 87, 129, 130, 253, 91, 131, 134, 17, 21, 97, 23, 25, 87, 129, 130, 253, 91, 80, 80, 130, 1, 147, 145, 144
K: 213, 167, 125, 152, 39, 36, 206, 90, 251, 182, 163, 176, 220, 3, 249, 30, 3, 43, 13, 221, 85, 167, 220, 87, 249, 20, 31, 177, 67, 91, 130, 63
V: 0, 146, 3, 145, 80, 86, 254, 68, 101, 112, 111, 115, 105, 116, 67, 111, 110, 116, 114, 97, 99, 116, 58, 32, 109, 101, 114, 107, 108, 101, 32, 116
K: 213, 167, 125, 152, 39, 36, 206, 90, 251, 182, 163, 176, 220, 3, 249, 30, 3, 43, 13, 221, 85, 167, 220, 87, 249, 20, 31, 177, 67, 91, 130, 64
V: 0, 114, 101, 101, 32, 102, 117, 108, 108, 68, 101, 112, 111, 115, 105, 116, 67, 111, 110, 116, 114, 97, 99, 116, 58, 32, 114, 101, 99, 111, 110, 115
K: 213, 167, 125, 152, 39, 36, 206, 90, 251, 182, 163, 176, 220, 3, 249, 30, 3, 43, 13, 221, 85, 167, 220, 87, 249, 20, 31, 177, 67, 91, 130, 65
V: 14, 116, 114, 117, 99, 116, 101, 100, 32, 68, 101, 112, 111, 115, 105, 116, 68, 97, 116, 97, 32, 100, 111, 101, 115, 32, 110, 111, 116, 32, 109, 97
K: 213, 167, 125, 152, 39, 36, 206, 90, 251, 182, 163, 176, 220, 3, 249, 30, 3, 43, 13, 221, 85, 167, 220, 87, 249, 20, 31, 177, 67, 91, 130, 66
V: 5, 116, 99, 104, 32, 115, 117, 112, 112, 108, 105, 101, 100, 32, 100, 101, 112, 111, 115, 105, 116, 95, 100, 97, 116, 97, 95, 114, 111, 111, 116, 68
K: 213, 167, 125, 152, 39, 36, 206, 90, 251, 182, 163, 176, 220, 3, 249, 30, 3, 43, 13, 221, 85, 167, 220, 87, 249, 20, 31, 177, 67, 91, 130, 67
V: 14, 101, 112, 111, 115, 105, 116, 67, 111, 110, 116, 114, 97, 99, 116, 58, 32, 105, 110, 118, 97, 108, 105, 100, 32, 119, 105, 116, 104, 100, 114, 97
K: 213, 167, 125, 152, 39, 36, 206, 90, 251, 182, 163, 176, 220, 3, 249, 30, 3, 43, 13, 221, 85, 167, 220, 87, 249, 20, 31, 177, 67, 91, 130, 68
V: 6, 119, 97, 108, 95, 99, 114, 101, 100, 101, 110, 116, 105, 97, 108, 115, 32, 108, 101, 110, 103, 116, 104, 68, 101, 112, 111, 115, 105, 116, 67, 111
K: 213, 167, 125, 152, 39, 36, 206, 90, 251, 182, 163, 176, 220, 3, 249, 30, 3, 43, 13, 221, 85, 167, 220, 87, 249, 20, 31, 177, 67, 91, 130, 69
V: 7, 110, 116, 114, 97, 99, 116, 58, 32, 100, 101, 112, 111, 115, 105, 116, 32, 118, 97, 108, 117, 101, 32, 110, 111, 116, 32, 109, 117, 108, 116, 105
K: 213, 167, 125, 152, 39, 36, 206, 90, 251, 182, 163, 176, 220, 3, 249, 30, 3, 43, 13, 221, 85, 167, 220, 87, 249, 20, 31, 177, 67, 91, 130, 70
V: 5, 112, 108, 101, 32, 111, 102, 32, 103, 119, 101, 105, 68, 101, 112, 111, 115, 105, 116, 67, 111, 110, 116, 114, 97, 99, 116, 58, 32, 105, 110, 118
K: 213, 167, 125, 152, 39, 36, 206, 90, 251, 182, 163, 176, 220, 3, 249, 30, 3, 43, 13, 221, 85, 167, 220, 87, 249, 20, 31, 177, 67, 91, 130, 71
V: 0, 97, 108, 105, 100, 32, 112, 117, 98, 107, 101, 121, 32, 108, 101, 110, 103, 116, 104, 68, 101, 112, 111, 115, 105, 116, 67, 111, 110, 116, 114, 97
K: 213, 167, 125, 152, 39, 36, 206, 90, 251, 182, 163, 176, 220, 3, 249, 30, 3, 43, 13, 221, 85, 167, 220, 87, 249, 20, 31, 177, 67, 91, 130, 72
V: 7, 99, 116, 58, 32, 100, 101, 112, 111, 115, 105, 116, 32, 118, 97, 108, 117, 101, 32, 116, 111, 111, 32, 104, 105, 103, 104, 68, 101, 112, 111, 115
K: 213, 167, 125, 152, 39, 36, 206, 90, 251, 182, 163, 176, 220, 3, 249, 30, 3, 43, 13, 221, 85, 167, 220, 87, 249, 20, 31, 177, 67, 91, 130, 73
V: 2, 105, 116, 67, 111, 110, 116, 114, 97, 99, 116, 58, 32, 100, 101, 112, 111, 115, 105, 116, 32, 118, 97, 108, 117, 101, 32, 116, 111, 111, 32, 108
K: 213, 167, 125, 152, 39, 36, 206, 90, 251, 182, 163, 176, 220, 3, 249, 30, 3, 43, 13, 221, 85, 167, 220, 87, 249, 20, 31, 177, 67, 91, 130, 74
V: 13, 111, 119, 68, 101, 112, 111, 115, 105, 116, 67, 111, 110, 116, 114, 97, 99, 116, 58, 32, 105, 110, 118, 97, 108, 105, 100, 32, 115, 105, 103, 110
K: 213, 167, 125, 152, 39, 36, 206, 90, 251, 182, 163, 176, 220, 3, 249, 30, 3, 43, 13, 221, 85, 167, 220, 87, 249, 20, 31, 177, 67, 91, 130, 75
V: 2, 97, 116, 117, 114, 101, 32, 108, 101, 110, 103, 116, 104, 162, 100, 105, 112, 102, 115, 88, 34, 18, 32, 29, 210, 111, 55, 166, 33, 112, 48, 9
K: 213, 167, 125, 152, 39, 36, 206, 90, 251, 182, 163, 176, 220, 3, 249, 30, 3, 43, 13, 221, 85, 167, 220, 87, 249, 20, 31, 177, 67, 91, 130, 76
V: 15, 171, 241, 110, 119, 230, 156, 147, 220, 80, 199, 157, 183, 246, 204, 55, 84, 62, 62, 14, 61, 236, 220, 151, 100, 115, 111, 108, 99, 67, 0, 6
K: 213, 167, 125, 152, 39, 36, 206, 90, 251, 182, 163, 176, 220, 3, 249, 30, 3, 43, 13, 221, 85, 167, 220, 87, 249, 20, 31, 177, 67, 91, 130, 77
V: 0, 11, 0, 51, 0, 0, 0, 0, 0, 0, 0, 0, 0, 0, 0, 0, 0, 0, 0, 0, 0, 0, 0, 0, 0, 0, 0, 0, 0, 0, 0, 0
